1204002112 1204006688 2018-03-02-14:01:34 4576
1204008032 1204018208 2018-03-02-15:40:14 10176
1204018304 1204043008 2018-03-02-18:31:26 24704
1204045536 1204050144 2018-03-03-02:05:18 4608
1204052544 1204057088 2018-03-03-04:02:06 4544
1204059200 1204063808 2018-03-03-05:53:02 4608
1204065984 1204070528 2018-03-03-07:46:06 4544
1204072704 1204077248 2018-03-03-09:38:06 4544
1204079392 1204083968 2018-03-03-11:29:34 4576
1204086112 1204090688 2018-03-03-13:21:34 4576
1204092832 1204097408 2018-03-03-15:13:34 4576
1204099552 1204104128 2018-03-03-17:05:34 4576
1204106336 1204110912 2018-03-03-18:58:38 4576
1204113088 1204117696 2018-03-03-20:51:10 4608
1204119904 1204124480 2018-03-03-22:44:46 4576
1204126720 1204131328 2018-03-04-00:38:22 4608
1204133824 1204138464 2018-03-04-02:36:46 4640
1204141088 1204145664 2018-03-04-04:37:50 4576
1204147968 1204152576 2018-03-04-06:32:30 4608
1204154848 1204159456 2018-03-04-08:27:10 4608
1204161728 1204166368 2018-03-04-10:21:50 4640
1204168640 1204173248 2018-03-04-12:17:02 4608
1204175552 1204180160 2018-03-04-14:12:14 4608
1204182496 1204187072 2018-03-04-16:07:58 4576
1204189408 1204194016 2018-03-04-18:03:10 4608
1204194336 1204198944 2018-03-04-19:25:18 4608
1204201088 1204205728 2018-03-04-21:17:50 4640
1204206080 1204210944 2018-03-04-22:41:02 4864
1204211072 1204215680 2018-03-05-00:04:14 4608
1204216224 1204220832 2018-03-05-01:30:06 4608
1204223712 1204228352 2018-03-05-03:34:54 4640
1204231136 1204235712 2018-03-05-05:38:38 4576
1204238112 1204242688 2018-03-05-07:34:54 4576
1204245056 1204249632 2018-03-05-09:30:38 4576
1204250240 1204254816 2018-03-05-10:57:02 4576
1204257184 1204261760 2018-03-05-12:52:46 4576
1204264160 1204268736 2018-03-05-14:49:02 4576
1204271072 1204275680 2018-03-05-16:44:14 4608
1204278080 1204282688 2018-03-05-18:41:02 4608
1204285120 1204289728 2018-03-05-20:38:22 4608
1204292128 1204296736 2018-03-05-22:35:10 4608
1204299552 1204304192 2018-03-06-00:38:54 4640
1204307648 1204312224 2018-03-06-02:53:50 4576
1204314688 1204319296 2018-03-06-04:51:10 4608
1204321728 1204326336 2018-03-06-06:48:30 4608
1204328768 1204333344 2018-03-06-08:45:50 4576
1204335712 1204340288 2018-03-06-10:41:34 4576
1204342752 1204347328 2018-03-06-12:38:54 4576
1204349760 1204354336 2018-03-06-14:35:42 4576
1204356768 1204361376 2018-03-06-16:32:30 4608
1204363872 1204368448 2018-03-06-18:30:54 4576
1204370816 1204375392 2018-03-06-20:26:38 4576
1204377856 1204382432 2018-03-06-22:23:58 4576
1204385088 1204389696 2018-03-07-00:24:30 4608
1204393216 1204397792 2018-03-07-02:39:58 4576
1204400384 1204404992 2018-03-07-04:39:26 4608
1204406368 1204448608 2018-03-07-06:19:10 42240
1204448736 1204471392 2018-03-07-18:05:18 22656
1204472608 1204477152 2018-03-08-00:43:10 4544
1204479616 1204484192 2018-03-08-02:39:58 4576
1204486432 1204491008 2018-03-08-04:33:34 4576
1204493472 1204498048 2018-03-08-06:30:54 4576
1204500384 1204504992 2018-03-08-08:26:06 4608
1204507584 1204512192 2018-03-08-10:26:06 4608
1204514944 1204519584 2018-03-08-12:28:46 4640
1204521888 1204526496 2018-03-08-14:24:30 4608
1204528832 1204533440 2018-03-08-16:20:14 4608
1204535776 1204540352 2018-03-08-18:15:58 4576
1204542720 1204547296 2018-03-08-20:11:42 4576
1204549664 1204554272 2018-03-08-22:07:26 4608
1204556640 1204561216 2018-03-09-00:03:42 4576
1204564224 1204568832 2018-03-09-02:10:06 4608
1204571392 1204575968 2018-03-09-04:09:34 4576
1204578496 1204583136 2018-03-09-06:07:58 4640
1204585536 1204590144 2018-03-09-08:05:18 4608
1204592512 1204597088 2018-03-09-10:01:34 4576
1204599488 1204604128 2018-03-09-11:57:50 4640
1204606560 1204613984 2018-03-09-13:55:42 7424
1204614080 1204653792 2018-03-09-16:01:02 39712
1204653952 1204661536 2018-03-10-03:05:34 7584
1204668000 1204672576 2018-03-10-06:59:42 4576
1204675616 1204680192 2018-03-10-09:06:38 4576
1204683264 1204687872 2018-03-10-11:14:06 4608
1204690944 1204695552 2018-03-10-13:22:06 4608
1204698688 1204703296 2018-03-10-15:31:10 4608
1204706400 1204730176 2018-03-10-17:39:42 23776
1204730560 1204735168 2018-03-11-00:22:22 4608
1204739264 1204743872 2018-03-11-02:47:26 4608
1204748512 1204753088 2018-03-11-05:21:34 4576
1204756864 1204761440 2018-03-11-07:40:46 4576
1204764672 1204769248 2018-03-11-09:50:54 4576
1204772544 1204777152 2018-03-11-12:02:06 4608
1204780416 1204785024 2018-03-11-14:13:18 4608
1204788384 1204792992 2018-03-11-16:26:06 4608
1204796384 1204800992 2018-03-11-18:39:26 4608
1204804448 1204807424 2018-03-11-20:53:50 2976
1204807520 1204812128 2018-03-11-21:45:02 4608
1204813472 1204818080 2018-03-11-23:24:14 4608
1204822080 1204826656 2018-03-12-01:47:42 4576
1204830144 1204834688 2018-03-12-04:02:06 4544
1204838240 1204842816 2018-03-12-06:17:02 4576
1204846496 1204851072 2018-03-12-08:34:38 4576
1204856672 1204861280 2018-03-12-11:24:14 4608
1204863936 1204868544 2018-03-12-13:25:18 4608
1204871232 1204875872 2018-03-12-15:26:54 4640
1204878560 1204883168 2018-03-12-17:29:02 4608
1204885856 1204888736 2018-03-12-19:30:38 2880
1204888832 1204893440 2018-03-12-20:20:14 4608
1204893760 1204898368 2018-03-12-21:42:22 4608
1204901024 1204905632 2018-03-12-23:43:26 4608
1204907296 1204969280 2018-03-13-01:27:58 61984
1204969376 1204996448 2018-03-13-18:42:38 27072
1205002144 1205006784 2018-03-14-03:48:46 4640
1205009888 1205014464 2018-03-14-05:57:50 4576
1205017824 1205022432 2018-03-14-08:10:06 4608
1205025312 1205029888 2018-03-14-10:14:54 4576
1205032736 1205037312 2018-03-14-12:18:38 4576
1205040736 1205045376 2018-03-14-14:31:58 4640
1205049152 1205053760 2018-03-14-16:52:14 4608
1205106080 1205110688 2018-03-15-08:41:02 4608
1205113088 1205198432 2018-03-15-10:37:50 85344
1205199168 1205201376 2018-03-16-10:32:30 2208
1205201472 1205257344 2018-03-16-11:10:54 55872
1205263200 1205267776 2018-03-17-04:19:42 4576
1205271232 1205275808 2018-03-17-06:33:34 4576
1205278720 1205283328 2018-03-17-08:38:22 4608
1205285760 1205290336 2018-03-17-10:35:42 4576
1205292768 1205297376 2018-03-17-12:32:30 4608
1205299808 1205304384 2018-03-17-14:29:50 4576
1205306912 1205311520 2018-03-17-16:28:14 4608
1205314016 1205318592 2018-03-17-18:26:38 4576
1205321152 1205325728 2018-03-17-20:25:34 4576
1205328256 1205332832 2018-03-17-22:23:58 4576
1205335552 1205340128 2018-03-18-00:25:34 4576
1205344128 1205348736 2018-03-18-02:48:30 4608
1205351584 1205356160 2018-03-18-04:52:46 4576
1205358656 1205363232 2018-03-18-06:50:38 4576
1205365760 1205370368 2018-03-18-08:49:02 4608
1205372896 1205377536 2018-03-18-10:47:58 4640
1205380032 1205384672 2018-03-18-12:46:54 4640
1205387200 1205391808 2018-03-18-14:46:22 4608
1205394368 1205398944 2018-03-18-16:45:50 4576
1205401440 1205406016 2018-03-18-18:43:42 4576
1205408640 1205413216 2018-03-18-20:43:42 4576
1205415808 1205420416 2018-03-18-22:43:10 4608
1205422976 1205427552 2018-03-19-00:42:38 4576
1205430144 1205434752 2018-03-19-02:42:06 4608
1205437376 1205441952 2018-03-19-04:42:38 4576
1205444576 1205449152 2018-03-19-06:42:38 4576
1205451840 1205456128 2018-03-19-08:43:42 4288
1205456224 1205460800 2018-03-19-09:56:46 4576
1205463488 1205464224 2018-03-19-11:57:50 736
1205464352 1205468960 2018-03-19-12:12:14 4608
1205471104 1205472032 2018-03-19-14:04:46 928
1205472160 1205476768 2018-03-19-14:22:22 4608
1205478784 1205483360 2018-03-19-16:12:46 4576
1205486016 1205490624 2018-03-19-18:13:18 4608
1205493280 1205497888 2018-03-19-20:14:22 4608
1205500544 1205505152 2018-03-19-22:15:26 4608
1205507552 1205512160 2018-03-20-00:12:14 4608
1205514784 1205519360 2018-03-20-02:12:46 4576
1205522016 1205526624 2018-03-20-04:13:18 4608
1205529152 1205533760 2018-03-20-06:12:14 4608
1205536416 1205541024 2018-03-20-08:13:18 4608
1205541632 1205542592 2018-03-20-09:40:14 960
1205542688 1205547328 2018-03-20-09:57:50 4640
1205549248 1205553856 2018-03-20-11:47:10 4608
1205556480 1205561056 2018-03-20-13:47:42 4576
1205563648 1205566272 2018-03-20-15:47:10 2624
1205566784 1205566944 2018-03-20-16:39:26 160
1205567040 1205568960 2018-03-20-16:43:42 1920
1205569056 1205573664 2018-03-20-17:17:18 4608
1205576288 1205580864 2018-03-20-19:17:50 4576
1205583424 1205588000 2018-03-20-21:16:46 4576
1205590592 1205595200 2018-03-20-23:16:14 4608
1205597792 1205602400 2018-03-21-01:16:14 4608
1205605664 1205610272 2018-03-21-03:27:26 4608
1205613344 1205617952 2018-03-21-05:35:26 4608
1205620736 1205625312 2018-03-21-07:38:38 4576
1205627840 1205629440 2018-03-21-09:37:02 1600
1205629568 1205634144 2018-03-21-10:05:50 4576
1205635456 1205637856 2018-03-21-11:43:58 2400
1205637984 1205642528 2018-03-21-12:26:06 4544
1205643072 1205647712 2018-03-21-13:50:54 4640
1205650240 1205654848 2018-03-21-15:50:22 4608
1205656128 1205660736 2018-03-21-17:28:30 4608
1205663232 1205663872 2018-03-21-19:26:54 640
1205663968 1205668576 2018-03-21-19:39:10 4608
1205670752 1205675360 2018-03-21-21:32:14 4608
1205678304 1205682912 2018-03-21-23:38:06 4608
1205686048 1205690656 2018-03-22-01:47:10 4608
1205693408 1205698048 2018-03-22-03:49:50 4640
1205700928 1205705536 2018-03-22-05:55:10 4608
1205708352 1205712992 2018-03-22-07:58:54 4640
1205715712 1205720288 2018-03-22-10:01:34 4576
1205722816 1205727392 2018-03-22-11:59:58 4576
1205729920 1205734528 2018-03-22-13:58:22 4608
1205737088 1205741664 2018-03-22-15:57:50 4576
1205744224 1205748800 2018-03-22-17:56:46 4576
1205751392 1205756000 2018-03-22-19:56:14 4608
1205758592 1205763200 2018-03-22-21:56:14 4608
1205765792 1205770400 2018-03-22-23:56:14 4608
1205773248 1205777856 2018-03-23-02:00:30 4608
1205780672 1205785280 2018-03-23-04:04:14 4608
1205788192 1205792768 2018-03-23-06:09:34 4576
1205795712 1205800288 2018-03-23-08:14:54 4576
1205803264 1205807840 2018-03-23-10:20:46 4576
1205810784 1205838496 2018-03-23-12:26:06 27712
1205838880 1205865984 2018-03-23-20:14:22 27104
1205872992 1205877568 2018-03-24-05:42:54 4576
1205881408 1205886016 2018-03-24-08:03:10 4608
1205889504 1205894048 2018-03-24-10:18:06 4544
1205896640 1205901248 2018-03-24-12:17:02 4608
1205903712 1205908288 2018-03-24-14:14:54 4576
1205910688 1205915296 2018-03-24-16:11:10 4608
1205917696 1205922272 2018-03-24-18:07:58 4576
1205924672 1205929280 2018-03-24-20:04:14 4608
1205931680 1205936288 2018-03-24-22:01:02 4608
1205938720 1205943328 2018-03-24-23:58:22 4608
1205946304 1205950880 2018-03-25-02:04:46 4576
1205953824 1205958432 2018-03-25-04:10:06 4608
1205961216 1205965824 2018-03-25-06:13:18 4608
1205968320 1205972896 2018-03-25-08:11:42 4576
1205975360 1205979968 2018-03-25-10:09:02 4608
1205982464 1205987072 2018-03-25-12:07:26 4608
1205989536 1205994144 2018-03-25-14:05:18 4608
1205996640 1206001216 2018-03-25-16:03:42 4576
1206003712 1206008288 2018-03-25-18:01:34 4576
1206010784 1206015392 2018-03-25-19:59:26 4608
1206017856 1206022464 2018-03-25-21:57:18 4608
1206025056 1206029664 2018-03-25-23:57:18 4608
1206032288 1206036928 2018-03-26-01:57:50 4640
1206039488 1206044064 2018-03-26-03:57:50 4576
1206046688 1206051264 2018-03-26-05:57:50 4576
1206053920 1206058528 2018-03-26-07:58:22 4608
1206061184 1206065792 2018-03-26-09:59:26 4608
1206068448 1206073056 2018-03-26-12:00:30 4608
1206075712 1206080288 2018-03-26-14:01:34 4576
1206083040 1206087616 2018-03-26-16:03:42 4576
1206090368 1206094944 2018-03-26-18:05:50 4576
1206097632 1206102272 2018-03-26-20:06:54 4640
1206105056 1206109632 2018-03-26-22:10:38 4576
1206112416 1206117024 2018-03-27-00:13:18 4608
1206119712 1206124288 2018-03-27-02:14:54 4576
1206127328 1206131904 2018-03-27-04:21:50 4576
1206134816 1206139392 2018-03-27-06:26:38 4576
1206142304 1206143488 2018-03-27-08:31:26 1184
1206143616 1206148224 2018-03-27-08:53:18 4608
1206168608 1206173184 2018-03-27-15:49:50 4576
1206175584 1206180192 2018-03-27-17:46:06 4608
1206182688 1206187296 2018-03-27-19:44:30 4608
1206189792 1206194432 2018-03-27-21:42:54 4640
1206196928 1206201568 2018-03-27-23:41:50 4640
1206204096 1206208704 2018-03-28-01:41:18 4608
1206211232 1206232544 2018-03-28-03:40:14 21312
1206232640 1206237248 2018-03-28-09:37:02 4608
1206239936 1206244512 2018-03-28-11:38:38 4576
1206247168 1206251712 2018-03-28-13:39:10 4544
1206251872 1206256448 2018-03-28-14:57:34 4576
1206257440 1206262048 2018-03-28-16:30:22 4608
1206264768 1206269376 2018-03-28-18:32:30 4608
1206272000 1206276576 2018-03-28-20:33:02 4576
1206279200 1206283808 2018-03-28-22:33:02 4608
1206286464 1206291072 2018-03-29-00:34:06 4608
1206293728 1206298272 2018-03-29-02:35:10 4544
1206301184 1206305792 2018-03-29-04:39:26 4608
1206308672 1206313280 2018-03-29-06:44:14 4608
1206315360 1206341440 2018-03-29-08:35:42 26080
1206345344 1206350240 2018-03-29-16:55:26 4896
1206355456 1206384096 2018-03-29-19:43:58 28640
1206389632 1206394208 2018-03-30-05:13:34 4576
1206397536 1206402144 2018-03-30-07:25:18 4608
1206404896 1206409472 2018-03-30-09:27:58 4576
1206412000 1206416608 2018-03-30-11:26:22 4608
1206419104 1206422080 2018-03-30-13:24:46 2976
1206422176 1206427104 2018-03-30-14:15:58 4928
1206432576 1206471680 2018-03-30-17:09:18 39104
1206475104 1206479648 2018-03-31-04:58:06 4544
1206482624 1206487232 2018-03-31-07:03:26 4608
1206489824 1206494432 2018-03-31-09:03:26 4608
1206496992 1206501632 2018-03-31-11:02:54 4640
1206504192 1206508768 2018-03-31-13:02:54 4576
1206511296 1206515904 2018-03-31-15:01:18 4608
1206518464 1206523040 2018-03-31-17:00:46 4576
1206525632 1206530240 2018-03-31-19:00:14 4608
1206532832 1206537440 2018-03-31-21:00:14 4608
1206540032 1206544640 2018-03-31-23:00:14 4608
1206547456 1206552032 2018-04-01-01:03:58 4576
1206554976 1206559584 2018-04-01-03:09:18 4608
1206562400 1206567008 2018-04-01-05:13:02 4608
1206569888 1206574464 2018-04-01-07:17:50 4576
1206577280 1206581888 2018-04-01-09:21:02 4608
1206584544 1206589088 2018-04-01-11:22:06 4544
1206591744 1206596352 2018-04-01-13:22:06 4608
1206599040 1206603616 2018-04-01-15:23:42 4576
1206606304 1206610880 2018-04-01-17:24:46 4576
1206613568 1206618144 2018-04-01-19:25:50 4576
1206620832 1206625408 2018-04-01-21:26:54 4576
1206628096 1206632736 2018-04-01-23:27:58 4640
1206635456 1206640032 2018-04-02-01:30:38 4576
1206643072 1206647648 2018-04-02-03:37:34 4576
1206650304 1206673344 2018-04-02-05:38:06 23040
1206673472 1206713472 2018-04-02-12:04:14 40000
1206713600 1206723328 2018-04-02-23:13:02 9728
1206725376 1206729984 2018-04-03-02:29:18 4608
1206734464 1206739040 2018-04-03-05:00:46 4576
1206742336 1206746912 2018-04-03-07:11:58 4576
1206751584 1206756192 2018-04-03-09:46:06 4608
1206760576 1206765152 2018-04-03-12:15:58 4576
1206767776 1206772416 2018-04-03-14:15:58 4640
1206774976 1206778144 2018-04-03-16:15:58 3168
1206778272 1206782848 2018-04-03-17:10:54 4576
1206783872 1206788480 2018-04-03-18:44:14 4608
1206790688 1206795264 2018-04-03-20:37:50 4576
1206797472 1206802048 2018-04-03-22:30:54 4576
1206804224 1206808832 2018-04-04-00:23:26 4608
1206811168 1206815776 2018-04-04-02:19:10 4608
1206817952 1206822560 2018-04-04-04:12:14 4608
1206824448 1206829056 2018-04-04-06:00:30 4608
1206831168 1206835776 2018-04-04-07:52:30 4608
1206837888 1206842496 2018-04-04-09:44:30 4608
1206844576 1206849152 2018-04-04-11:35:58 4576
1206851456 1206856032 2018-04-04-13:30:38 4576
1206858272 1206862880 2018-04-04-15:24:14 4608
1206865248 1206869856 2018-04-04-17:20:30 4608
1206872192 1206876800 2018-04-04-19:16:14 4608
1206879136 1206883776 2018-04-04-21:11:58 4640
1206886112 1206890720 2018-04-04-23:08:14 4608
1206893024 1206897632 2018-04-05-01:03:26 4608
1206899936 1206904512 2018-04-05-02:58:38 4576
1206907168 1206911776 2018-04-05-04:59:10 4608
1206914176 1206918816 2018-04-05-06:55:58 4640
1206921312 1206925952 2018-04-05-08:54:54 4640
1206928640 1206933216 2018-04-05-10:57:02 4576
1206935584 1206940160 2018-04-05-12:52:46 4576
1206942528 1206943712 2018-04-05-14:48:30 1184
1206943808 1206948384 2018-04-05-15:09:50 4576
1206949888 1206954496 2018-04-05-16:51:10 4608
1206956864 1206960896 2018-04-05-18:47:26 4032
1206961024 1206965600 2018-04-05-19:56:46 4576
1206968000 1206972576 2018-04-05-21:53:02 4576
1206974976 1206979584 2018-04-05-23:49:18 4608
1206982176 1206986784 2018-04-06-01:49:18 4608
1206989504 1206994112 2018-04-06-03:51:26 4608
1206997056 1207001664 2018-04-06-05:57:18 4608
1207004128 1207008736 2018-04-06-07:55:10 4608
1207010944 1207015520 2018-04-06-09:48:46 4576
1207017920 1207022528 2018-04-06-11:45:02 4608
1207024224 1207033568 2018-04-06-13:30:06 9344
1207033696 1207063680 2018-04-06-16:07:58 29984
1207063776 1207231456 2018-04-07-00:29:18 167680
1207231584 1207358240 2018-04-08-23:06:06 126656
1207358336 1207358912 2018-04-10-10:18:38 576
1207359040 1207360864 2018-04-10-10:30:22 1824
1207360960 1207378176 2018-04-10-11:02:22 17216
1207378272 1207628608 2018-04-10-15:50:54 250336
1207629344 1207630336 2018-04-13-13:35:26 992
1207630464 1207959552 2018-04-13-13:54:06 329088
1207959680 1208043232 2018-04-17-09:21:02 83552
1208043360 1208129344 2018-04-18-08:35:42 85984
1208129440 1208148864 2018-04-19-08:30:22 19424
1208148992 1208254144 2018-04-19-13:56:14 105152
1208254272 1208307296 2018-04-20-19:10:54 53024
1208307360 1208308832 2018-04-21-09:55:42 1472
1208317728 1208317760 2018-04-21-12:48:30 32
1208318016 1208318048 2018-04-21-12:53:18 32
1208318336 1208318368 2018-04-21-12:58:38 32
1208318592 1208318624 2018-04-21-13:02:54 32
1208319168 1208345152 2018-04-21-13:12:30 25984
1208345280 1208507712 2018-04-21-20:27:42 162432
1208507840 1208584928 2018-04-23-17:37:02 77088
1208585056 1208743936 2018-04-24-15:03:58 158880
1208744096 1208767264 2018-04-26-11:14:38 23168
1208767520 1208769504 2018-04-26-17:45:02 1984
1208769600 1208908768 2018-04-26-18:19:42 139168
1208908928 1209084704 2018-04-28-09:01:50 175776
1209084832 1209255776 2018-04-30-09:53:34 170944
1209255936 1209258016 2018-05-02-09:25:18 2080
1209258176 1209258560 2018-05-02-10:02:38 384
1209258720 1209266944 2018-05-02-10:11:42 8224
1209267072 1210335648 2018-05-02-12:30:54 1068576
1210335840 1210336128 2018-05-14-21:23:42 288
1210336352 1210336544 2018-05-14-21:32:14 192
1210336768 1210336896 2018-05-14-21:39:10 128
1210337120 1210337248 2018-05-14-21:45:02 128
1210337472 1210337536 2018-05-14-21:50:54 64
1210337760 1210337824 2018-05-14-21:55:42 64
1210338048 1210338112 2018-05-14-22:00:30 64
1210338304 1210338336 2018-05-14-22:04:46 32
1210338592 1210338624 2018-05-14-22:09:34 32
1210338816 1210338848 2018-05-14-22:13:18 32
1210339072 1210339104 2018-05-14-22:17:34 32
1210339328 1210339360 2018-05-14-22:21:50 32
1210339552 1210339584 2018-05-14-22:25:34 32
1210339776 1210339872 2018-05-14-22:29:18 96
1210340000 1210340064 2018-05-14-22:33:02 64
1210340192 1210340288 2018-05-14-22:36:14 96
1210340480 1210340544 2018-05-14-22:41:02 64
1210340672 1210340768 2018-05-14-22:44:14 96
1210341536 1210341568 2018-05-14-22:58:38 32
1210341696 1210341792 2018-05-14-23:01:18 96
1210341920 1210342112 2018-05-14-23:05:02 192
1210375744 1210452000 2018-05-15-08:28:46 76256
1210452128 1210908448 2018-05-16-05:41:50 456320
1210908576 1211016992 2018-05-21-12:29:18 108416
1211017120 1211089696 2018-05-22-18:38:22 72576
1211089824 1211204128 2018-05-23-14:50:06 114304
1211204256 1211210784 2018-05-24-22:37:18 6528
1211210912 1211252416 2018-05-25-00:28:14 41504
1211252544 1211252608 2018-05-25-12:02:06 64
1211252768 1211509888 2018-05-25-12:05:50 257120
1211510112 1211510176 2018-05-28-11:34:54 64
1211510400 1211510624 2018-05-28-11:39:42 224
1211510752 1211510880 2018-05-28-11:45:34 128
1211511104 1211511200 2018-05-28-11:51:26 96
1211511328 1211511392 2018-05-28-11:55:10 64
1211511520 1211511584 2018-05-28-11:58:22 64
1211511680 1211511712 2018-05-28-12:01:02 32
1211511840 1211511872 2018-05-28-12:03:42 32
1211512000 1211512032 2018-05-28-12:06:22 32
1211512160 1211512192 2018-05-28-12:09:02 32
1211512288 1211512352 2018-05-28-12:11:10 64
1211512608 1211512672 2018-05-28-12:16:30 64
1211512800 1211512864 2018-05-28-12:19:42 64
1211512992 1211513248 2018-05-28-12:22:54 256
1211513376 1211513568 2018-05-28-12:29:18 192
1211513824 1211513920 2018-05-28-12:36:46 96
1211514048 1211514112 2018-05-28-12:40:30 64
1211514368 1211514528 2018-05-28-12:45:50 160
1211514784 1211514848 2018-05-28-12:52:46 64
1211514976 1211515040 2018-05-28-12:55:58 64
1211515296 1211515328 2018-05-28-13:01:18 32
1211515456 1211515584 2018-05-28-13:03:58 128
1211515968 1211516032 2018-05-28-13:12:30 64
1211516160 1211516192 2018-05-28-13:15:42 32
1211582496 1212080672 2018-05-29-07:41:18 498176
1212080800 1212131712 2018-06-04-02:06:22 50912
1212131840 1212477024 2018-06-04-16:17:02 345184
1212477152 1212715648 2018-06-08-16:12:14 238496
1212715776 1212716096 2018-06-11-10:29:18 320
1212716224 1212716928 2018-06-11-10:36:46 704
1212717056 1212717184 2018-06-11-10:50:38 128
1212717312 1212717760 2018-06-11-10:54:54 448
1212717888 1212719520 2018-06-11-11:04:30 1632
1212719648 1212719936 2018-06-11-11:33:50 288
1212720064 1212720224 2018-06-11-11:40:46 160
1212720352 1212720896 2018-06-11-11:45:34 544
1212721024 1213001920 2018-06-11-11:56:46 280896
1213002048 1213058848 2018-06-14-18:00:30 56800
1213058976 1213072736 2018-06-15-09:49:18 13760
1213072896 1213155008 2018-06-15-13:41:18 82112
1213155136 1213227552 2018-06-16-12:31:58 72416
1213227776 1213228064 2018-06-17-08:42:38 288
1213228288 1213228480 2018-06-17-08:51:10 192
1213228704 1213228768 2018-06-17-08:58:06 64
1213228992 1213229120 2018-06-17-09:02:54 128
1213229344 1213229440 2018-06-17-09:08:46 96
1213229664 1213229728 2018-06-17-09:14:06 64
1213229952 1213229984 2018-06-17-09:18:54 32
1213230208 1213230304 2018-06-17-09:23:10 96
1213230528 1213230624 2018-06-17-09:28:30 96
1213230880 1213230912 2018-06-17-09:34:22 32
1213231136 1213231168 2018-06-17-09:38:38 32
1213231424 1213231456 2018-06-17-09:43:26 32
1213231712 1213231744 2018-06-17-09:48:14 32
1213231968 1213232000 2018-06-17-09:52:30 32
1213232224 1213232256 2018-06-17-09:56:46 32
1213232480 1213232512 2018-06-17-10:01:02 32
1213232736 1213232800 2018-06-17-10:05:18 64
1213232928 1213232960 2018-06-17-10:08:30 32
1213233056 1213233088 2018-06-17-10:10:38 32
1213300064 1213300160 2018-06-18-04:47:26 96
1213315040 1213329856 2018-06-18-08:57:02 14816
1213329984 1213400384 2018-06-18-13:06:06 70400
1213400512 1213493728 2018-06-19-08:41:34 93216
1213493888 1213574144 2018-06-20-10:37:50 80256
1213574272 1213576160 2018-06-21-08:57:34 1888
1213576288 1213682144 2018-06-21-09:31:10 105856
1213682272 1213765152 2018-06-22-14:57:34 82880
1213765312 1213765344 2018-06-23-14:01:34 32
1213765856 1213765888 2018-06-23-14:10:38 32
1213766144 1213766176 2018-06-23-14:15:26 32
1213766304 1213766368 2018-06-23-14:18:06 64
1213766624 1213766688 2018-06-23-14:23:26 64
1213766816 1213766848 2018-06-23-14:26:38 32
1213766976 1213767008 2018-06-23-14:29:18 32
1213767104 1213767168 2018-06-23-14:31:26 64
1213767424 1213767456 2018-06-23-14:36:46 32
1213767712 1213767776 2018-06-23-14:41:34 64
1213767904 1213767936 2018-06-23-14:44:46 32
1213768192 1213768224 2018-06-23-14:49:34 32
1213768352 1213768448 2018-06-23-14:52:14 96
1213768576 1213768640 2018-06-23-14:55:58 64
1213769024 1213769088 2018-06-23-15:03:26 64
1213769600 1213769632 2018-06-23-15:13:02 32
1213770016 1213770048 2018-06-23-15:19:58 32
1213770400 1213770432 2018-06-23-15:26:22 32
1213770816 1213770880 2018-06-23-15:33:18 64
1213772608 1213772640 2018-06-23-16:03:10 32
1213773024 1213773056 2018-06-23-16:10:06 32
1213773824 1213773856 2018-06-23-16:23:26 32
1213775008 1213775040 2018-06-23-16:43:10 32
1213776448 1213776480 2018-06-23-17:07:10 32
1213776608 1213776640 2018-06-23-17:09:50 32
1213777408 1213777440 2018-06-23-17:23:10 32
1213777824 1213777888 2018-06-23-17:30:06 64
1213778624 1213778688 2018-06-23-17:43:26 64
1213778816 1213778880 2018-06-23-17:46:38 64
1213779008 1213779040 2018-06-23-17:49:50 32
1213779424 1213779488 2018-06-23-17:56:46 64
1213779808 1213779840 2018-06-23-18:03:10 32
1213781632 1213781664 2018-06-23-18:33:34 32
1213782816 1213782848 2018-06-23-18:53:18 32
1213783232 1213783264 2018-06-23-19:00:14 32
1213784032 1213784064 2018-06-23-19:13:34 32
1213784832 1213784864 2018-06-23-19:26:54 32
1213785632 1213785664 2018-06-23-19:40:14 32
1213786432 1213786464 2018-06-23-19:53:34 32
1213787232 1213787264 2018-06-23-20:06:54 32
1213788032 1213788064 2018-06-23-20:20:14 32
1213788832 1213788864 2018-06-23-20:33:34 32
1213789632 1213789664 2018-06-23-20:46:54 32
1213790432 1213790464 2018-06-23-21:00:14 32
1213791200 1213791264 2018-06-23-21:13:02 64
1213792032 1213792064 2018-06-23-21:26:54 32
1213792832 1213792864 2018-06-23-21:40:14 32
1213793632 1213793664 2018-06-23-21:53:34 32
1213794432 1213794464 2018-06-23-22:06:54 32
1213795232 1213795264 2018-06-23-22:20:14 32
1213796032 1213796064 2018-06-23-22:33:34 32
1213797216 1213797248 2018-06-23-22:53:18 32
1213800320 1213800352 2018-06-23-23:45:02 32
1213854816 1213958240 2018-06-24-14:53:18 103424
1213958368 1214041440 2018-06-25-19:39:10 83072
1214041568 1214104320 2018-06-26-18:45:50 62752
1214104448 1214187008 2018-06-27-12:13:50 82560
1214187168 1214451552 2018-06-28-11:12:30 264384
1214451680 1214556416 2018-07-01-12:41:02 104736
1214556576 1214556800 2018-07-02-17:49:18 224
1214556928 1214874496 2018-07-02-17:55:10 317568
1214875776 1214875872 2018-07-06-10:29:18 96
1214876864 1214876896 2018-07-06-10:47:26 32
1214877056 1214963232 2018-07-06-10:50:38 86176
1214963392 1216022400 2018-07-07-10:49:34 1059008
1216022560 1216086528 2018-07-19-17:02:22 63968
1216086688 1216505568 2018-07-20-10:51:10 418880
1216505728 1216564704 2018-07-25-07:15:10 58976
1216564896 1216801696 2018-07-25-23:41:18 236800
1216801856 1217032416 2018-07-28-17:30:38 230560
1217032576 1217113280 2018-07-31-09:35:58 80704
1217113440 1217249024 2018-08-01-08:03:42 135584
1217249184 1217255136 2018-08-02-21:46:06 5952
1217255328 1217291168 2018-08-02-23:28:30 35840
1217291328 1217568128 2018-08-03-09:28:30 276800
1217568288 1217775712 2018-08-06-14:24:30 207424
1217775872 1217814880 2018-08-09-00:04:14 39008
