1204002272 1204006880 2018-03-02-14:04:14 4608
1204009760 1204018208 2018-03-02-16:09:02 8448
1204018304 1204045408 2018-03-02-18:31:26 27104
1204045664 1204054176 2018-03-03-02:07:26 8512
1204056160 1204060768 2018-03-03-05:02:22 4608
1204063808 1204068384 2018-03-03-07:09:50 4576
1204071488 1204076064 2018-03-03-09:17:50 4576
1204079072 1204083680 2018-03-03-11:24:14 4608
1204086752 1204091360 2018-03-03-13:32:14 4608
1204094432 1204099040 2018-03-03-15:40:14 4608
1204102112 1204106720 2018-03-03-17:48:14 4608
1204108864 1204134752 2018-03-03-19:40:46 25888
1204134848 1204141536 2018-03-04-02:53:50 6688
1204142464 1204147040 2018-03-04-05:00:46 4576
1204150304 1204154912 2018-03-04-07:11:26 4608
1204157984 1204162592 2018-03-04-09:19:26 4608
1204165664 1204170272 2018-03-04-11:27:26 4608
1204173504 1204178112 2018-03-04-13:38:06 4608
1204181376 1204185984 2018-03-04-15:49:18 4608
1204189440 1204194016 2018-03-04-18:03:42 4576
1204197376 1204201952 2018-03-04-20:15:58 4576
1204202208 1204206816 2018-03-04-21:36:30 4608
1204208512 1204213088 2018-03-04-23:21:34 4576
1204217248 1204221856 2018-03-05-01:47:10 4608
1204226112 1204230688 2018-03-05-04:14:54 4576
1204234912 1204239488 2018-03-05-06:41:34 4576
1204242272 1204246880 2018-03-05-08:44:14 4608
1204250400 1204254976 2018-03-05-10:59:42 4576
1204258272 1204262848 2018-03-05-13:10:54 4576
1204265440 1204270048 2018-03-05-15:10:22 4608
1204272608 1204277248 2018-03-05-17:09:50 4640
1204279872 1204284448 2018-03-05-19:10:54 4576
1204286976 1204291584 2018-03-05-21:09:18 4608
1204294240 1204298848 2018-03-05-23:10:22 4608
1204301856 1204306464 2018-03-06-01:17:18 4608
1204309408 1204314016 2018-03-06-03:23:10 4608
1204316608 1204321216 2018-03-06-05:23:10 4608
1204323872 1204328480 2018-03-06-07:24:14 4608
1204331168 1204335744 2018-03-06-09:25:50 4576
1204338400 1204343008 2018-03-06-11:26:22 4608
1204345664 1204350272 2018-03-06-13:27:26 4608
1204352928 1204357536 2018-03-06-15:28:30 4608
1204360192 1204364768 2018-03-06-17:29:34 4576
1204367424 1204372032 2018-03-06-19:30:06 4608
1204374688 1204379296 2018-03-06-21:31:10 4608
1204381920 1204386496 2018-03-06-23:31:42 4576
1204389536 1204394112 2018-03-07-01:38:38 4576
1204397248 1204401856 2018-03-07-03:47:10 4608
1204404416 1204448608 2018-03-07-05:46:38 44192
1204448704 1204482432 2018-03-07-18:04:46 33728
1204482688 1204487296 2018-03-08-03:31:10 4608
1204490208 1204494816 2018-03-08-05:36:30 4608
1204498816 1204503392 2018-03-08-07:59:58 4576
1204507776 1204512384 2018-03-08-10:29:18 4608
1204516768 1204521376 2018-03-08-12:59:10 4608
1204524608 1204545376 2018-03-08-15:09:50 20768
1204545504 1204550048 2018-03-08-20:58:06 4544
1204552256 1204556832 2018-03-08-22:50:38 4576
1204560384 1204564992 2018-03-09-01:06:06 4608
1204568768 1204573344 2018-03-09-03:25:50 4576
1204576736 1204581312 2018-03-09-05:38:38 4576
1204584160 1204588768 2018-03-09-07:42:22 4608
1204591520 1204596096 2018-03-09-09:45:02 4576
1204599008 1204603584 2018-03-09-11:49:50 4576
1204606464 1204611072 2018-03-09-13:54:06 4608
1204613920 1204613984 2018-03-09-15:58:22 64
1204614080 1204618688 2018-03-09-16:01:02 4608
1204621440 1204626016 2018-03-09-18:03:42 4576
1204628768 1204633344 2018-03-09-20:05:50 4576
1204636000 1204640608 2018-03-09-22:06:22 4608
1204643328 1204647936 2018-03-10-00:08:30 4608
1204651104 1204655712 2018-03-10-02:18:06 4608
1204658976 1204663584 2018-03-10-04:29:18 4608
1204666528 1204671136 2018-03-10-06:35:10 4608
1204673888 1204678464 2018-03-10-08:37:50 4576
1204681184 1204685792 2018-03-10-10:39:26 4608
1204688544 1204693152 2018-03-10-12:42:06 4608
1204695968 1204700544 2018-03-10-14:45:50 4576
1204703328 1204707936 2018-03-10-16:48:30 4608
1204710176 1204714752 2018-03-10-18:42:38 4576
1204717536 1204722144 2018-03-10-20:45:18 4608
1204724896 1204729536 2018-03-10-22:47:58 4640
1204732320 1204736896 2018-03-11-00:51:42 4576
1204740736 1204745312 2018-03-11-03:11:58 4576
1204748192 1204752800 2018-03-11-05:16:14 4608
1204755744 1204760352 2018-03-11-07:22:06 4608
1204763200 1204767808 2018-03-11-09:26:22 4608
1204770624 1204775232 2018-03-11-11:30:06 4608
1204778112 1204782752 2018-03-11-13:34:54 4640
1204785760 1204790368 2018-03-11-15:42:22 4608
1204793344 1204797920 2018-03-11-17:48:46 4576
1204800864 1204805472 2018-03-11-19:54:06 4608
1204808448 1204821152 2018-03-11-22:00:30 12704
1204821440 1204828704 2018-03-12-01:37:02 7264
1204829024 1204836608 2018-03-12-03:43:26 7584
1204836896 1204844768 2018-03-12-05:54:38 7872
1204845216 1204852832 2018-03-12-08:13:18 7616
1204853024 1204888736 2018-03-12-10:23:26 35712
1204888832 1204913856 2018-03-12-20:20:14 25024
1204914080 1204969280 2018-03-13-03:21:02 55200
1204969376 1205030976 2018-03-13-18:42:38 61600
1205031072 1205046752 2018-03-14-11:50:54 15680
1205046848 1205078784 2018-03-14-16:13:50 31936
1205106080 1205110688 2018-03-15-08:41:02 4608
1205113600 1205114080 2018-03-15-10:46:22 480
1205114112 1205116128 2018-03-15-10:54:54 2016
1205456064 1205460672 2018-03-19-09:54:06 4608
1205463072 1205464224 2018-03-19-11:50:54 1152
1205464352 1205464480 2018-03-19-12:12:14 128
1205464960 1205465120 2018-03-19-12:22:22 160
1205465216 1205472032 2018-03-19-12:26:38 6816
1205472160 1205484736 2018-03-19-14:22:22 12576
1205485280 1205489888 2018-03-19-18:01:02 4608
1205492544 1205498624 2018-03-19-20:02:06 6080
1205498720 1205542592 2018-03-19-21:45:02 43872
1205542720 1205566304 2018-03-20-09:58:22 23584
1205566656 1205566688 2018-03-20-16:37:18 32
1205566912 1205566944 2018-03-20-16:41:34 32
1205567168 1205567200 2018-03-20-16:45:50 32
1205567424 1205567456 2018-03-20-16:50:06 32
1205568064 1205568096 2018-03-20-17:00:46 32
1205568416 1205568448 2018-03-20-17:06:38 32
1205568736 1205568768 2018-03-20-17:11:58 32
1205569600 1205574208 2018-03-20-17:26:22 4608
1205577056 1205581632 2018-03-20-19:30:38 4576
1205584512 1205589152 2018-03-20-21:34:54 4640
1205591936 1205596512 2018-03-20-23:38:38 4576
1205600512 1205605088 2018-03-21-02:01:34 4576
1205608512 1205613152 2018-03-21-04:14:54 4640
1205616288 1205620896 2018-03-21-06:24:30 4608
1205625024 1205629440 2018-03-21-08:50:06 4416
1205629568 1205634144 2018-03-21-10:05:50 4576
1205635200 1205637856 2018-03-21-11:39:42 2656
1205637952 1205642528 2018-03-21-12:25:34 4576
1205642944 1205647520 2018-03-21-13:48:46 4576
1205650112 1205654720 2018-03-21-15:48:14 4608
1205656128 1205656160 2018-03-21-17:28:30 32
1205656448 1205656480 2018-03-21-17:33:50 32
1205656704 1205661248 2018-03-21-17:38:06 4544
1205663968 1205781696 2018-03-21-19:39:10 117728
1205781888 1205786496 2018-03-23-04:24:30 4608
1205790432 1205795008 2018-03-23-06:46:54 4576
1205798912 1205803520 2018-03-23-09:08:14 4608
1205807776 1205809952 2018-03-23-11:35:58 2176
1205810848 1205815456 2018-03-23-12:27:10 4608
1205816096 1205820672 2018-03-23-13:54:38 4576
1205824992 1205829568 2018-03-23-16:22:54 4576
1205829696 1205834304 2018-03-23-17:41:18 4608
1205837504 1205842112 2018-03-23-19:51:26 4608
1205844960 1205849536 2018-03-23-21:55:42 4576
1205852384 1205856992 2018-03-23-23:59:26 4608
1205860352 1205864960 2018-03-24-02:12:14 4608
1205867872 1205872448 2018-03-24-04:17:34 4576
1205875840 1205880448 2018-03-24-06:30:22 4608
1205883424 1205888000 2018-03-24-08:36:46 4576
1205891360 1205895968 2018-03-24-10:49:02 4608
1205898848 1205903424 2018-03-24-12:53:50 4576
1205906272 1205910848 2018-03-24-14:57:34 4576
1205913728 1205918304 2018-03-24-17:01:50 4576
1205921152 1205925728 2018-03-24-19:05:34 4576
1205928576 1205933184 2018-03-24-21:09:18 4608
1205936064 1205940608 2018-03-24-23:14:06 4544
1205944000 1205948608 2018-03-25-01:26:22 4608
1205952512 1205957120 2018-03-25-03:48:14 4608
1205960672 1205965280 2018-03-25-06:04:14 4608
1205968064 1205972672 2018-03-25-08:07:26 4608
1205974400 1206036032 2018-03-25-09:53:02 61632
1206036128 1206046400 2018-03-26-03:01:50 10272
1206046592 1206058688 2018-03-26-05:56:14 12096
1206058944 1206060128 2018-03-26-09:22:06 1184
1206060224 1206065120 2018-03-26-09:43:26 4896
1206071296 1206075872 2018-03-26-12:47:58 4576
1206079136 1206083712 2018-03-26-14:58:38 4576
1206085664 1206124768 2018-03-26-16:47:26 39104
1206124992 1206143488 2018-03-27-03:42:54 18496
1206143616 1206167552 2018-03-27-08:53:18 23936
1206168480 1206232544 2018-03-27-15:47:42 64064
1206232640 1206237248 2018-03-28-09:37:02 4608
1206239808 1206244416 2018-03-28-11:36:30 4608
1206246816 1206251424 2018-03-28-13:33:18 4608
1206254336 1206258912 2018-03-28-15:38:38 4576
1206260960 1206264640 2018-03-28-17:29:02 3680
1206264768 1206296064 2018-03-28-18:32:30 31296
1206296352 1206300992 2018-03-29-03:18:54 4640
1206302432 1206307040 2018-03-29-05:00:14 4608
1206311232 1206315808 2018-03-29-07:26:54 4576
1206319584 1206324192 2018-03-29-09:46:06 4608
1206326208 1206389312 2018-03-29-11:36:30 63104
1206389600 1206394208 2018-03-30-05:13:02 4608
1206398080 1206402688 2018-03-30-07:34:22 4608
1206406944 1206411552 2018-03-30-10:02:06 4608
1206414464 1206422080 2018-03-30-12:07:26 7616
1206422176 1206463712 2018-03-30-14:15:58 41536
1206464992 1206469568 2018-03-31-02:09:34 4576
1206473664 1206478272 2018-03-31-04:34:06 4608
1206482688 1206487296 2018-03-31-07:04:30 4608
1206491232 1206495808 2018-03-31-09:26:54 4576
1206498784 1206553472 2018-03-31-11:32:46 54688
1206553792 1206558688 2018-04-01-02:49:34 4896
1206564896 1206569472 2018-04-01-05:54:38 4576
1206574304 1206578912 2018-04-01-08:31:26 4608
1206582400 1206636512 2018-04-01-10:46:22 54112
1206636832 1206646208 2018-04-02-01:53:34 9376
1206646368 1206654272 2018-04-02-04:32:30 7904
1206654496 1206662656 2018-04-02-06:47:58 8160
1206662784 1206673344 2018-04-02-09:06:06 10560
1206673472 1206685888 2018-04-02-12:04:14 12416
1206685984 1206696032 2018-04-02-15:32:46 10048
1206696160 1206706464 2018-04-02-18:22:22 10304
1206706592 1206718688 2018-04-02-21:16:14 12096
1206718848 1206737536 2018-04-03-00:40:30 18688
1206737760 1206750432 2018-04-03-05:55:42 12672
1206750560 1206771392 2018-04-03-09:29:02 20832
1206771648 1206778144 2018-04-03-15:20:30 6496
1206778272 1206783648 2018-04-03-17:10:54 5376
1206783744 1206809664 2018-04-03-18:42:06 25920
1206809920 1206817536 2018-04-04-01:58:22 7616
1206817728 1206825312 2018-04-04-04:08:30 7584
1206825632 1206832928 2018-04-04-06:20:14 7296
1206833056 1206840384 2018-04-04-08:23:58 7328
1206840672 1206843296 2018-04-04-10:30:54 2624
1206843392 1206854304 2018-04-04-11:16:14 10912
1206854432 1206869856 2018-04-04-14:20:14 15424
1206870016 1206890528 2018-04-04-18:39:58 20512
1206890720 1206898336 2018-04-05-00:25:02 7616
1206898784 1206904896 2018-04-05-02:39:26 6112
1206908288 1206912864 2018-04-05-05:17:50 4576
1206918304 1206922880 2018-04-05-08:04:46 4576
1206928384 1206933024 2018-04-05-10:52:46 4640
1206937888 1206942496 2018-04-05-13:31:10 4608
1206945472 1206950048 2018-04-05-15:37:34 4576
1206951136 1206960896 2018-04-05-17:11:58 9760
1206961024 1206989600 2018-04-05-19:56:46 28576
1206989856 1206994464 2018-04-06-03:57:18 4608
1206998848 1207003456 2018-04-06-06:27:10 4608
1207006880 1207011456 2018-04-06-08:41:02 4576
1207015552 1207033568 2018-04-06-11:05:34 18016
1207033696 1207063680 2018-04-06-16:07:58 29984
1207063776 1207068672 2018-04-07-00:29:18 4896
1207073760 1207084928 2018-04-07-03:15:42 11168
1207089856 1207094496 2018-04-07-07:43:58 4640
1207098080 1207102656 2018-04-07-10:01:02 4576
1207107616 1207112256 2018-04-07-12:39:58 4640
1207115776 1207231456 2018-04-07-14:55:58 115680
1207231584 1207248128 2018-04-08-23:06:06 16544
1207248416 1207252992 2018-04-09-03:46:38 4576
1207257696 1207262304 2018-04-09-06:21:18 4608
1207266560 1207271168 2018-04-09-08:49:02 4608
1207276224 1207280832 2018-04-09-11:30:06 4608
1207285248 1207289856 2018-04-09-14:00:30 4608
1207294240 1207298848 2018-04-09-16:30:22 4608
1207301600 1207358240 2018-04-09-18:33:02 56640
1207358336 1207358912 2018-04-10-10:18:38 576
1207359040 1207360864 2018-04-10-10:30:22 1824
1207360960 1207378176 2018-04-10-11:02:22 17216
1207378272 1207384704 2018-04-10-15:50:54 6432
1207386496 1207391136 2018-04-10-18:07:58 4640
1207393600 1207416512 2018-04-10-20:06:22 22912
1207416800 1207421408 2018-04-11-02:33:02 4608
1207425088 1207429696 2018-04-11-04:51:10 4608
1207433824 1207438400 2018-04-11-07:16:46 4576
1207442208 1207446560 2018-04-11-09:36:30 4352
1207452032 1207456640 2018-04-11-12:20:14 4608
1207457184 1207628608 2018-04-11-13:46:06 171424
1207629344 1207630336 2018-04-13-13:35:26 992
1207630464 1207959552 2018-04-13-13:54:06 329088
1207959680 1208043232 2018-04-17-09:21:02 83552
1208043360 1208129344 2018-04-18-08:35:42 85984
1208129440 1208148864 2018-04-19-08:30:22 19424
1208148992 1208254144 2018-04-19-13:56:14 105152
1208254272 1208318464 2018-04-20-19:10:54 64192
1208318592 1208345152 2018-04-21-13:02:54 26560
1208345280 1208393696 2018-04-21-20:27:42 48416
1208393760 1208395584 2018-04-22-09:55:42 1824
1208399360 1208507712 2018-04-22-11:29:02 108352
1208507840 1208584928 2018-04-23-17:37:02 77088
1208585056 1208743936 2018-04-24-15:03:58 158880
1208744096 1208767264 2018-04-26-11:14:38 23168
1208767520 1208769504 2018-04-26-17:45:02 1984
1208769600 1208908768 2018-04-26-18:19:42 139168
1208908896 1209084704 2018-04-28-09:01:18 175808
1209084832 1209255776 2018-04-30-09:53:34 170944
1209255936 1209258016 2018-05-02-09:25:18 2080
1209258144 1209258560 2018-05-02-10:02:06 416
1209258688 1209266944 2018-05-02-10:11:10 8256
1209267072 1209365696 2018-05-02-12:30:54 98624
1209368000 1210452000 2018-05-03-16:33:02 1084000
1210452128 1210908448 2018-05-16-05:41:50 456320
1210908544 1211016992 2018-05-21-12:28:46 108448
1211017088 1211089696 2018-05-22-18:37:50 72608
1211089824 1211204128 2018-05-23-14:50:06 114304
1211204256 1211210784 2018-05-24-22:37:18 6528
1211210912 1211252416 2018-05-25-00:28:14 41504
1211252544 1211252608 2018-05-25-12:02:06 64
1211252736 1212080672 2018-05-25-12:05:18 827936
1212080800 1212131712 2018-06-04-02:06:22 50912
1212131840 1212477024 2018-06-04-16:17:02 345184
1212477152 1212715648 2018-06-08-16:12:14 238496
1212715776 1212716096 2018-06-11-10:29:18 320
1212716224 1212716928 2018-06-11-10:36:46 704
1212717056 1212717184 2018-06-11-10:50:38 128
1212717312 1212717760 2018-06-11-10:54:54 448
1212717856 1212719520 2018-06-11-11:03:58 1664
1212719648 1212719936 2018-06-11-11:33:50 288
1212720064 1212720224 2018-06-11-11:40:46 160
1212720352 1212720896 2018-06-11-11:45:34 544
1212721024 1213001920 2018-06-11-11:56:46 280896
1213002048 1213058848 2018-06-14-18:00:30 56800
1213058976 1213072736 2018-06-15-09:49:18 13760
1213072864 1213155008 2018-06-15-13:40:46 82144
1213155136 1213301536 2018-06-16-12:31:58 146400
1213301760 1213301920 2018-06-18-05:15:42 160
1213302176 1213302240 2018-06-18-05:22:38 64
1213302496 1213302560 2018-06-18-05:27:58 64
1213302848 1213302880 2018-06-18-05:33:50 32
1213303136 1213303168 2018-06-18-05:38:38 32
1213303520 1213303552 2018-06-18-05:45:02 32
1213303904 1213304160 2018-06-18-05:51:26 256
1213304288 1213304384 2018-06-18-05:57:50 96
1213304480 1213304768 2018-06-18-06:01:02 288
1213313056 1213313504 2018-06-18-08:23:58 448
1213315168 1213329856 2018-06-18-08:59:10 14688
1213329984 1213400384 2018-06-18-13:06:06 70400
1213400512 1213493728 2018-06-19-08:41:34 93216
1213493856 1213574144 2018-06-20-10:37:18 80288
1213574272 1213576160 2018-06-21-08:57:34 1888
1213576288 1213682144 2018-06-21-09:31:10 105856
1213682272 1213773248 2018-06-22-14:57:34 90976
1213773376 1213773568 2018-06-23-16:15:58 192
1213773696 1213774112 2018-06-23-16:21:18 416
1213774240 1213774368 2018-06-23-16:30:22 128
1213774496 1213774720 2018-06-23-16:34:38 224
1213774848 1213775072 2018-06-23-16:40:30 224
1213775200 1213775488 2018-06-23-16:46:22 288
1213775616 1213775680 2018-06-23-16:53:18 64
1213800000 1213800096 2018-06-23-23:39:42 96
1213814752 1213814976 2018-06-24-03:45:34 224
1213815072 1213815584 2018-06-24-03:50:54 512
1213815680 1213816000 2018-06-24-04:01:02 320
1213816384 1213816416 2018-06-24-04:12:46 32
1213816672 1213816768 2018-06-24-04:17:34 96
1213816896 1213816928 2018-06-24-04:21:18 32
1213854944 1213958240 2018-06-24-14:55:26 103296
1213958368 1214041440 2018-06-25-19:39:10 83072
1214041568 1214104320 2018-06-26-18:45:50 62752
1214104448 1214187008 2018-06-27-12:13:50 82560
1214187136 1214451552 2018-06-28-11:11:58 264416
1214451680 1214556416 2018-07-01-12:41:02 104736
1214556544 1214556800 2018-07-02-17:48:46 256
1214556928 1214874496 2018-07-02-17:55:10 317568
1214875776 1214875872 2018-07-06-10:29:18 96
1214876864 1214876896 2018-07-06-10:47:26 32
1214877056 1214963232 2018-07-06-10:50:38 86176
1214963392 1215713024 2018-07-07-10:49:34 749632
1215712512 1215713024 2018-07-16-02:57:34 352
1215712960 1215713024 2018-07-16-02:55:26 480
1215713024 2018-07-16-02:58:38 288
1215712896 1215712640 1215713024 2018-07-16-02:56:30 416
1215713024 2018-07-16-03:00:14 192
1215713024 2018-07-16-03:02:22 64
1215713024 2018-07-16-03:01:18 128
1215713024 2018-07-16-02:54:54 512
1215713024 2018-07-16-02:57:02 384
