0	5.4475e-7
0.0061035	5.4475e-7
0.0091553	5.4475e-7
0.012207	5.4475e-7
0.015259	5.4475e-7
0.018311	5.4475e-7
0.021362	5.4475e-7
0.024414	5.4475e-7
0.027466	5.4475e-7
0.030518	4.9698e-7
0.033569	4.6062e-7
0.036621	4.5362e-7
0.039673	4.549e-7
0.042725	4.6593e-7
0.045776	4.5648e-7
0.048828	4.4448e-7
0.05188	4.4062e-7
0.054932	4.3342e-7
0.057983	4.1258e-7
0.061035	4.025e-7
0.064087	3.7475e-7
0.067139	3.3927e-7
0.07019	2.9443e-7
0.073242	2.7669e-7
0.076294	2.7873e-7
0.079346	2.8e-7
0.082397	2.791e-7
0.085449	2.6978e-7
0.088501	2.561e-7
0.091553	2.6576e-7
0.094604	2.7799e-7
0.097656	2.5074e-7
0.10071	2.3852e-7
0.10376	2.5256e-7
0.10681	2.5807e-7
0.10986	2.5061e-7
0.11292	2.6704e-7
0.11597	2.8259e-7
0.11902	3.0302e-7
0.12207	3.342e-7
0.12512	3.701e-7
0.12817	4.1187e-7
0.13123	4.6689e-7
0.13428	5.1317e-7
0.13733	5.5517e-7
0.14038	5.8256e-7
0.14343	6.0687e-7
0.14648	6.2095e-7
0.14954	6.4929e-7
0.15259	6.8866e-7
0.15564	7.1463e-7
0.15869	7.1621e-7
0.16174	7.4621e-7
0.16479	8.0584e-7
0.16785	8.8874e-7
0.1709	9.7716e-7
0.17395	1.1075e-6
0.177	1.2264e-6
0.18005	1.3354e-6
0.18311	1.4766e-6
0.18616	1.5801e-6
0.18921	1.6379e-6
0.19226	1.6674e-6
0.19531	1.6813e-6
0.19836	1.7212e-6
0.20142	1.7963e-6
0.20447	1.818e-6
0.20752	1.7167e-6
0.21057	1.6334e-6
0.21362	1.5308e-6
0.21667	1.4196e-6
0.21973	1.3167e-6
0.22278	1.2911e-6
0.22583	1.3085e-6
0.22888	1.2966e-6
0.23193	1.2756e-6
0.23499	1.3125e-6
0.23804	1.3513e-6
0.24109	1.3564e-6
0.24414	1.2831e-6
0.24719	1.2405e-6
0.25024	1.1685e-6
0.2533	1.1079e-6
0.25635	1.0467e-6
0.2594	9.7125e-7
0.26245	9.4652e-7
0.2655	9.3337e-7
0.26855	9.119e-7
0.27161	9.0572e-7
0.27466	8.5679e-7
0.27771	7.9379e-7
0.28076	8.0159e-7
0.28381	8.2116e-7
0.28687	7.9725e-7
0.28992	7.4697e-7
0.29297	6.9845e-7
0.29602	6.5006e-7
0.29907	6.1926e-7
0.30212	6.0183e-7
0.30518	5.8983e-7
0.30823	5.6985e-7
0.31128	5.4363e-7
0.31433	5.1554e-7
0.31738	5.1388e-7
0.32043	5.0914e-7
0.32349	5.0562e-7
0.32654	4.9635e-7
0.32959	4.7699e-7
0.33264	4.6469e-7
0.33569	4.5529e-7
0.33875	4.4089e-7
0.3418	4.2434e-7
0.34485	4.0106e-7
0.3479	3.8282e-7
0.35095	3.849e-7
0.354	3.7903e-7
0.35706	3.609e-7
0.36011	3.4495e-7
0.36316	3.2861e-7
0.36621	3.1096e-7
0.36926	3.0154e-7
0.37231	2.9199e-7
0.37537	2.8272e-7
0.37842	2.8014e-7
0.38147	2.7695e-7
0.38452	2.7216e-7
0.38757	2.6744e-7
0.39063	2.545e-7
0.39368	2.3923e-7
0.39673	2.2411e-7
0.39978	2.0813e-7
0.40283	2.0139e-7
0.40588	1.9623e-7
0.40894	1.8661e-7
0.41199	1.7678e-7
0.41504	1.718e-7
0.41809	1.6348e-7
0.42114	1.5838e-7
0.42419	1.5314e-7
0.42725	1.4647e-7
0.4303	1.4e-7
0.43335	1.3693e-7
0.4364	1.3129e-7
0.43945	1.2583e-7
0.4425	1.1937e-7
0.44556	1.1479e-7
0.44861	1.1227e-7
0.45166	1.1119e-7
0.45471	1.0863e-7
0.45776	1.0251e-7
0.46082	9.7244e-8
0.46387	9.3318e-8
0.46692	8.8753e-8
0.46997	8.3979e-8
0.47302	7.8912e-8
0.47607	7.4372e-8
0.47913	6.9955e-8
0.48218	6.708e-8
0.48523	6.4829e-8
0.48828	6.3432e-8
0.49133	6.1425e-8
0.49438	6.0241e-8
0.49744	5.8089e-8
0.50049	5.5838e-8
0.50354	5.3893e-8
0.50659	5.2155e-8
0.50964	5.1095e-8
0.5127	4.9769e-8
0.51575	4.9611e-8
0.5188	4.9197e-8
0.52185	4.8e-8
0.5249	4.6303e-8
0.52795	4.4737e-8
0.53101	4.3397e-8
0.53406	4.1624e-8
0.53711	4.0175e-8
0.54016	3.878e-8
0.54321	3.7214e-8
0.54626	3.6753e-8
0.54932	3.5912e-8
0.55237	3.4669e-8
0.55542	3.4228e-8
0.55847	3.3273e-8
0.56152	3.2128e-8
0.56458	3.1065e-8
0.56763	3.0586e-8
0.57068	3.0277e-8
0.57373	2.985e-8
0.57678	2.934e-8
0.57983	2.8585e-8
0.58289	2.8066e-8
0.58594	2.7787e-8
0.58899	2.7212e-8
0.59204	2.6557e-8
0.59509	2.5849e-8
0.59814	2.5269e-8
0.6012	2.4699e-8
0.60425	2.4019e-8
0.6073	2.2982e-8
0.61035	2.2235e-8
0.6134	2.1224e-8
0.61646	2.0278e-8
0.61951	1.96e-8
0.62256	1.8863e-8
0.62561	1.8231e-8
0.62866	1.777e-8
0.63171	1.7231e-8
0.63477	1.6697e-8
0.63782	1.6549e-8
0.64087	1.6386e-8
0.64392	1.6296e-8
0.64697	1.6267e-8
0.65002	1.6298e-8
0.65308	1.6115e-8
0.65613	1.5946e-8
0.65918	1.5701e-8
0.66223	1.5293e-8
0.66528	1.4997e-8
0.66833	1.466e-8
0.67139	1.4304e-8
0.67444	1.3932e-8
0.67749	1.3567e-8
0.68054	1.33e-8
0.68359	1.2943e-8
0.68665	1.2527e-8
0.6897	1.2092e-8
0.69275	1.1524e-8
0.6958	1.1101e-8
0.69885	1.0743e-8
0.7019	1.0408e-8
0.70496	1.0124e-8
0.70801	1.0144e-8
0.71106	9.9863e-9
0.71411	9.8593e-9
0.71716	9.6454e-9
0.72021	9.4224e-9
0.72327	9.1743e-9
0.72632	8.9245e-9
0.72937	8.715e-9
0.73242	8.549e-9
0.73547	8.3829e-9
0.73853	8.1931e-9
0.74158	7.9391e-9
0.74463	7.6611e-9
0.74768	7.3358e-9
0.75073	7.139e-9
0.75378	6.8942e-9
0.75684	6.6896e-9
0.75989	6.4315e-9
0.76294	6.2827e-9
0.76599	6.1687e-9
0.76904	6.0327e-9
0.77209	5.9026e-9
0.77515	5.7536e-9
0.7782	5.5793e-9
0.78125	5.4232e-9
0.7843	5.3046e-9
0.78735	5.1793e-9
0.79041	5.0615e-9
0.79346	4.9203e-9
0.79651	4.824e-9
0.79956	4.7283e-9
0.80261	4.598e-9
0.80566	4.478e-9
0.80872	4.3488e-9
0.81177	4.2214e-9
0.81482	4.0962e-9
0.81787	4.0067e-9
0.82092	3.9488e-9
0.82397	3.9022e-9
0.82703	3.852e-9
0.83008	3.8125e-9
0.83313	3.7978e-9
0.83618	3.7792e-9
0.83923	3.7199e-9
0.84229	3.6454e-9
0.84534	3.5671e-9
0.84839	3.4763e-9
0.85144	3.4044e-9
0.85449	3.3558e-9
0.85754	3.32e-9
0.8606	3.2896e-9
0.86365	3.2479e-9
0.8667	3.1879e-9
0.86975	3.1328e-9
0.8728	3.0821e-9
0.87585	3.0034e-9
0.87891	2.9538e-9
0.88196	2.9123e-9
0.88501	2.8687e-9
0.88806	2.8274e-9
0.89111	2.8183e-9
0.89417	2.782e-9
0.89722	2.7403e-9
0.90027	2.7022e-9
0.90332	2.6561e-9
0.90637	2.5898e-9
0.90942	2.5282e-9
0.91248	2.4524e-9
0.91553	2.4054e-9
0.91858	2.3624e-9
0.92163	2.308e-9
0.92468	2.274e-9
0.92773	2.2572e-9
0.93079	2.2361e-9
0.93384	2.2173e-9
0.93689	2.2078e-9
0.93994	2.196e-9
0.94299	2.1858e-9
0.94604	2.1669e-9
0.9491	2.1307e-9
0.95215	2.0764e-9
0.9552	2.0416e-9
0.95825	2.0319e-9
0.9613	2.0174e-9
0.96436	2.0064e-9
0.96741	1.9859e-9
0.97046	1.9601e-9
0.97351	1.9511e-9
0.97656	1.9358e-9
0.97961	1.921e-9
0.98267	1.9345e-9
0.98572	1.9329e-9
0.98877	1.9223e-9
0.99182	1.9424e-9
0.99487	1.9371e-9
0.99792	1.9124e-9
1.001	1.9245e-9
1.004	1.9381e-9
1.0071	1.9399e-9
1.0101	1.9383e-9
1.0132	1.9304e-9
1.0162	1.9228e-9
1.0193	1.9067e-9
1.0223	1.8821e-9
1.0254	1.8538e-9
1.0284	1.8266e-9
1.0315	1.7989e-9
1.0345	1.7677e-9
1.0376	1.7531e-9
1.0406	1.7278e-9
1.0437	1.7112e-9
1.0468	1.6876e-9
1.0498	1.6696e-9
1.0529	1.6462e-9
1.0559	1.617e-9
1.059	1.5826e-9
1.062	1.5627e-9
1.0651	1.5358e-9
1.0681	1.5181e-9
1.0712	1.5017e-9
1.0742	1.4866e-9
1.0773	1.4657e-9
1.0803	1.4526e-9
1.0834	1.431e-9
1.0864	1.4146e-9
1.0895	1.3975e-9
1.0925	1.3843e-9
1.0956	1.3622e-9
1.0986	1.3517e-9
1.1017	1.3532e-9
1.1047	1.3692e-9
1.1078	1.389e-9
1.1108	1.4105e-9
1.1139	1.422e-9
1.1169	1.3815e-9
1.12	1.3476e-9
1.123	1.298e-9
1.1261	1.2688e-9
1.1292	1.2537e-9
1.1322	1.2315e-9
1.1353	1.2035e-9
1.1383	1.1934e-9
1.1414	1.1834e-9
1.1444	1.1706e-9
1.1475	1.1653e-9
1.1505	1.1541e-9
1.1536	1.1544e-9
1.1566	1.1539e-9
1.1597	1.1529e-9
1.1627	1.1392e-9
1.1658	1.1447e-9
1.1688	1.1375e-9
1.1719	1.1351e-9
1.1749	1.1308e-9
1.178	1.1281e-9
1.181	1.1174e-9
1.1841	1.1169e-9
1.1871	1.1194e-9
1.1902	1.1183e-9
1.1932	1.0943e-9
1.1963	1.0854e-9
1.1993	1.0833e-9
1.2024	1.0739e-9
1.2054	1.0684e-9
1.2085	1.0638e-9
1.2115	1.0552e-9
1.2146	1.0416e-9
1.2177	1.036e-9
1.2207	1.0339e-9
1.2238	1.0242e-9
1.2268	1.0239e-9
1.2299	1.0213e-9
1.2329	1.0156e-9
1.236	1.0117e-9
1.239	1.0153e-9
1.2421	1.0075e-9
1.2451	1.0038e-9
1.2482	1.0019e-9
1.2512	1.0061e-9
1.2543	9.9829e-10
1.2573	9.8658e-10
1.2604	9.7577e-10
1.2634	9.7478e-10
1.2665	9.6144e-10
1.2695	9.5048e-10
1.2726	9.4481e-10
1.2756	9.3206e-10
1.2787	9.226e-10
1.2817	9.2382e-10
1.2848	9.1406e-10
1.2878	9.1066e-10
1.2909	9.0224e-10
1.2939	8.955e-10
1.297	8.9084e-10
1.3	8.8789e-10
1.3031	8.8865e-10
1.3062	8.7962e-10
1.3092	8.768e-10
1.3123	8.7404e-10
1.3153	8.7075e-10
1.3184	8.6849e-10
1.3214	8.643e-10
1.3245	8.5975e-10
1.3275	8.6129e-10
1.3306	8.5777e-10
1.3336	8.4943e-10
1.3367	8.4413e-10
1.3397	8.3481e-10
1.3428	8.2708e-10
1.3458	8.1559e-10
1.3489	8.0849e-10
1.3519	7.9605e-10
1.355	7.8954e-10
1.358	7.8288e-10
1.3611	7.8358e-10
1.3641	7.8006e-10
1.3672	7.7721e-10
1.3702	7.7392e-10
1.3733	7.646e-10
1.3763	7.5645e-10
1.3794	7.565e-10
1.3824	7.558e-10
1.3855	7.4867e-10
1.3885	7.4438e-10
1.3916	7.3664e-10
1.3947	7.3703e-10
1.3977	7.3398e-10
1.4008	7.258e-10
1.4038	7.1481e-10
1.4069	7.1518e-10
1.4099	7.1018e-10
1.413	7.1136e-10
1.416	7.0783e-10
1.4191	7.0623e-10
1.4221	7.0094e-10
1.4252	7.03e-10
1.4282	7.0233e-10
1.4313	7.0491e-10
1.4343	7.0796e-10
1.4374	7.0089e-10
1.4404	7.0138e-10
1.4435	6.995e-10
1.4465	6.9374e-10
1.4496	6.9179e-10
1.4526	6.8766e-10
1.4557	6.8674e-10
1.4587	6.8312e-10
1.4618	6.8022e-10
1.4648	6.8069e-10
1.4679	6.8179e-10
1.4709	6.8143e-10
1.474	6.8131e-10
1.4771	6.721e-10
1.4801	6.6897e-10
1.4832	6.7021e-10
1.4862	6.6511e-10
1.4893	6.7077e-10
1.4923	6.8165e-10
1.4954	7.6011e-10
1.4984	7.7857e-10
1.5015	7.6615e-10
1.5045	8.6077e-10
1.5076	9.2074e-10
1.5106	7.1578e-10
1.5137	6.4954e-10
1.5167	6.4787e-10
1.5198	6.4106e-10
1.5228	6.3896e-10
1.5259	6.3619e-10
1.5289	6.3242e-10
1.532	6.2959e-10
1.535	6.3262e-10
1.5381	6.2541e-10
1.5411	6.2031e-10
1.5442	6.1966e-10
1.5472	6.1069e-10
1.5503	5.9889e-10
1.5533	5.961e-10
1.5564	5.9829e-10
1.5594	5.9284e-10
1.5625	5.9162e-10
1.5656	5.8714e-10
1.5686	5.8146e-10
1.5717	5.7236e-10
1.5747	5.6996e-10
1.5778	5.6594e-10
1.5808	5.5619e-10
1.5839	5.5376e-10
1.5869	5.4512e-10
1.59	5.3853e-10
1.593	5.3059e-10
1.5961	5.2927e-10
1.5991	5.2391e-10
1.6022	5.1845e-10
1.6052	5.0856e-10
1.6083	5.0383e-10
1.6113	4.9994e-10
1.6144	4.9694e-10
1.6174	4.933e-10
1.6205	4.9172e-10
1.6235	4.8814e-10
1.6266	4.8795e-10
1.6296	4.8548e-10
1.6327	4.8435e-10
1.6357	4.7902e-10
1.6388	4.8103e-10
1.6418	4.8004e-10
1.6449	4.7651e-10
1.6479	4.6911e-10
1.651	4.6913e-10
1.6541	4.6717e-10
1.6571	4.6479e-10
1.6602	4.6773e-10
1.6632	4.682e-10
1.6663	4.6812e-10
1.6693	4.7313e-10
1.6724	4.6792e-10
1.6754	4.6457e-10
1.6785	4.6029e-10
1.6815	4.5411e-10
1.6846	4.5564e-10
1.6876	4.5103e-10
1.6907	4.4847e-10
1.6937	4.4188e-10
1.6968	4.3995e-10
1.6998	4.3501e-10
1.7029	4.2868e-10
1.7059	4.2551e-10
1.709	4.2026e-10
1.712	4.1775e-10
1.7151	4.1441e-10
1.7181	4.0824e-10
1.7212	4.0882e-10
1.7242	4.0638e-10
1.7273	4.0374e-10
1.7303	4.0058e-10
1.7334	4.0058e-10
1.7365	3.9897e-10
1.7395	3.9712e-10
1.7426	3.9972e-10
1.7456	3.9422e-10
1.7487	3.9307e-10
1.7517	3.9036e-10
1.7548	3.9179e-10
1.7578	3.9124e-10
1.7609	3.8935e-10
1.7639	3.918e-10
1.767	3.87e-10
1.77	3.8869e-10
1.7731	3.8675e-10
1.7761	3.8241e-10
1.7792	3.8545e-10
1.7822	3.8655e-10
1.7853	3.8457e-10
1.7883	3.8479e-10
1.7914	3.819e-10
1.7944	3.8284e-10
1.7975	3.8003e-10
1.8005	3.8539e-10
1.8036	3.8121e-10
1.8066	3.8128e-10
1.8097	3.7635e-10
1.8127	3.7563e-10
1.8158	3.7437e-10
1.8188	3.7371e-10
1.8219	3.7288e-10
1.825	3.7327e-10
1.828	3.7177e-10
1.8311	3.7113e-10
1.8341	3.7461e-10
1.8372	3.7254e-10
1.8402	3.8237e-10
1.8433	3.767e-10
1.8463	3.737e-10
1.8494	3.6907e-10
1.8524	3.6446e-10
1.8555	3.6571e-10
1.8585	3.677e-10
1.8616	3.6507e-10
1.8646	3.6352e-10
1.8677	3.6448e-10
1.8707	3.6349e-10
1.8738	3.6586e-10
1.8768	3.6619e-10
1.8799	3.6768e-10
1.8829	3.6555e-10
1.886	3.6761e-10
1.889	3.6801e-10
1.8921	3.6896e-10
1.8951	3.6445e-10
1.8982	3.6515e-10
1.9012	3.6584e-10
1.9043	3.6532e-10
1.9073	3.6149e-10
1.9104	3.6404e-10
1.9135	3.6076e-10
1.9165	3.6078e-10
1.9196	3.6176e-10
1.9226	3.6306e-10
1.9257	3.6213e-10
1.9287	3.6236e-10
1.9318	3.6657e-10
1.9348	3.6597e-10
1.9379	3.6513e-10
1.9409	3.6665e-10
1.944	3.6212e-10
1.947	3.6639e-10
1.9501	3.6445e-10
1.9531	3.6396e-10
1.9562	3.6759e-10
1.9592	3.6444e-10
1.9623	3.6428e-10
1.9653	3.6732e-10
1.9684	3.6729e-10
1.9714	3.6792e-10
1.9745	3.6558e-10
1.9775	3.6818e-10
1.9806	3.714e-10
1.9836	3.7314e-10
1.9867	3.8658e-10
1.9897	3.9858e-10
1.9928	3.8551e-10
1.9958	3.9085e-10
1.9989	3.8934e-10
1.9999999999999998	3.9500000000000014e-10
2.1282376896249673	3.488324088615957e-10
2.2646978317701105	3.0806088473970465e-10
2.4099076405925466	2.7205473544249505e-10
2.5644281346121196	2.402569840673661e-10
2.728856304208082	2.121757531595982e-10
2.9038274180931682	1.8737665589034406e-10
3.09001747767612	1.6547607655356707e-10
3.2881458287950975	1.4613523643834582e-10
3.498977940912427	1.2905495328189107e-10
3.7233283645080957	1.1397101323757653e-10
3.9620638780979105	1.0065008376724202e-10
4.216106837034817	8.888610423455297e-11
4.486438737031506	7.84970983657265e-11
4.774104006171946	6.932235926977716e-11
5.080214040062342	6.121996347353249e-11
5.405951495711301	5.406457551618032e-11
5.752574860728631	4.774550914275648e-11
6.121423315495885	4.216501510529388e-11
6.513921907093687	3.723676908573474e-11
6.9315870549752665	3.288453635037934e-11
7.376032409657447	2.9040992479492475e-11
7.848975087064126	2.564668193000718e-11
8.352242302608644	2.2649098321396342e-11
8.887778430645872	2.0001872217710897e-11
9.457652516568194	1.766405384163524e-11
10.064066270568427	1.55994796249077e-11
10.70936257395356	1.3776212796313742e-11
11.39603453087351	1.2166049353741927e-11
12.126735100436296	1.0744081778214821e-11
12.904287346423276	9.4883137410143e-12
13.731695344204288	8.379319843829356e-12
14.612155786991629	7.399945128467756e-12
15.549070336273589	6.535039707865909e-12
16.54605876414351	5.771224413420362e-12
17.606972938299872	5.0966838334538535e-12
18.73591170374832	4.500983541340911e-12
19.93723671870136	3.974908686005936e-12
21.215589305857534	3.5103214479603273e-12
22.575908384165203	3.1000351558747476e-12
24.023449550350342	2.737703116403595e-12
25.563805383929804	2.4177204375771194e-12
27.202927054158533	2.13513732707326e-12
28.94714731238944	1.8855825241855037e-12
30.80320495867666	1.665195681060649e-12
32.778270877149176	1.4705676472159788e-12
34.879975740742665	1.298687733600706e-12
37.116439492326556	1.1468971404327596e-12
39.49630271612699	1.0128478283889497e-12
42.028760020649216	8.944661969295023e-13
44.723595562074365	7.899210078992109e-13
47.5912208453753	6.975950582173704e-13
50.64271494919656	6.16060163463064e-13
53.88986732990697	5.440550653784526e-13
57.34522337019861	4.804659215425785e-13
61.022132848209594	4.2430907541165585e-13
64.93480151443075	3.747158401966689e-13
69.09834597566396	3.309190612010145e-13
73.52885209807687	2.922412487518169e-13
78.24343715499357	2.5808409815396697e-13
83.26031595952993	2.2791923455169814e-13
88.59887123757738	2.012800395305314e-13
94.2797285130209	1.7775443302580345e-13
100.32483579451038	1.5697849888156505e-13
106.75754837165655	1.3863085545400905e-13
113.60271904825997	1.2242768417864734e-13
120.8867941611916	1.0811833919844091e-13
128.63791575589178	9.54814701384992e-14
136.8860303132451	8.432159805078283e-14
145.66300444789707	7.446609156231336e-14
155.002748025012	6.576249645111361e-14
164.9413451711362	5.807617734125092e-14
175.51719368532667	5.128823503651078e-14
186.77115338915888	4.529366727606512e-14
198.74670398876685	3.9999744460975794e-14
211.49011305881533	3.532457522574795e-14
225.0506147974083	3.1195839665848826e-14
239.48060024255722	2.7549670625565e-14
254.83581968511035	2.4329665740909792e-14
271.17559806016214	2.1486014954934162e-14
288.5630641491143	1.89747300090277e-14
307.065394477906	1.675696399125961e-14
326.75407285371915	1.4798410415893925e-14
347.70516654287394	1.3068772538477976e-14
369.99962015693507	1.1541294697371007e-14
393.72356838245577	1.0192348432064516e-14
418.968668762588	9.001066975984225e-15
445.83245581626903	7.949022469764908e-15
474.4187178631211	7.019940901830481e-15
504.83789800992434	6.1994503667128254e-15
537.207520847883	5.4748587469325035e-15
571.6526465092278	4.834957379416304e-15
608.3063538373989	4.269847669379584e-15
647.3102545375465	3.7707879695740556e-15
688.8150402937691	3.3300583562856747e-15
732.9810649668705	2.9408412103109272e-15
779.9789641219699	2.5971157556258537e-15
829.9903142795088	2.2935649243730848e-15
883.2083344366616	2.0254931074671537e-15
939.8386325694977	1.7887535185071564e-15
1000.0999999999988	1.5796840473936847e-15