1.000000000000001062e-02	1.715286687677971626e-11
1.009252886076685528e-02	1.763389136543921352e-11
1.018591388054117947e-02	1.813251337383205064e-11
1.028016298126474548e-02	1.864958994929839158e-11
1.037528415818013763e-02	1.918603198007461565e-11
1.047128548050900616e-02	1.974280838119587787e-11
1.056817509213659606e-02	2.032095067374121301e-11
1.066596121230259028e-02	2.092155799445441479e-11
1.076465213629836104e-02	2.154580258898099097e-11
1.086425623617066731e-02	2.219493584153498658e-11
1.096478196143186278e-02	2.287029489993015159e-11
1.106623783977667488e-02	2.357330996857031322e-11
1.116863247780562271e-02	2.430551234770224457e-11
1.127197456175511696e-02	2.506854330599553071e-11
1.137627285823432192e-02	2.586416389152076032e-11
1.148153621496884012e-02	2.669426579506667616e-11
1.158777356155127336e-02	2.756088339919586002e-11
1.169499391019872270e-02	2.846620716605361043e-11
1.180320635651731058e-02	2.941259853654291615e-11
1.191242008027376155e-02	3.040260654292352183e-11
1.202264434617414390e-02	3.143898636521611806e-11
1.213388850464978616e-02	3.252472010062768996e-11
1.224616199265050193e-02	3.366304005279099659e-11
1.235947433444511967e-02	3.485745490139510217e-11
1.247383514242944580e-02	3.611177917140074547e-11
1.258925411794168704e-02	3.743016648877800518e-11
1.270574105208543275e-02	3.881714719388408752e-11
1.282330582656023184e-02	4.027767098209091465e-11
1.294195841449987013e-02	4.181715536012618840e-11
1.306170888131842449e-02	4.344154084776003689e-11
1.318256738556408160e-02	4.515735402227128215e-11
1.330454417978092080e-02	4.697177971300684345e-11
1.342764961137864893e-02	4.889274389555151573e-11
1.355189412351037043e-02	5.092900913913539989e-11
1.367728825595850191e-02	5.309028482254813952e-11
1.380384264602885908e-02	5.538735478370422549e-11
1.393156802945304251e-02	5.783222560262081285e-11
1.406047524129915016e-02	6.043829938925114410e-11
1.419057521689093271e-02	6.322057576223910689e-11
1.432187899273544562e-02	6.619588870035157421e-11
1.445439770745928637e-02	6.938318518419456949e-11
1.458814260275349654e-02	7.280385406122701563e-11
1.472312502432720181e-02	7.648211540817146224e-11
1.485935642287008161e-02	8.044548296008222896e-11
1.499684835502374837e-02	8.472531490331603237e-11
1.513561248436209525e-02	8.935747167995985641e-11
1.527566058238073905e-02	9.438310336544330482e-11
1.541700452949560686e-02	9.984959370516835792e-11
1.555965631605075832e-02	1.058116928716806824e-10
1.570362804333554074e-02	1.123328759678971664e-10
1.584893192461114819e-02	1.194869682782150389e-10
1.599558028614670238e-02	1.273600792375971495e-10
1.614358556826487809e-02	1.360528810035124031e-10
1.629296032639723779e-02	1.456832468274149706e-10
1.644371723214933106e-02	1.563892147862057436e-10
1.659586907437562292e-02	1.683321376911959855e-10
1.674942876026438987e-02	1.816996721534429291e-10
1.690440931643265657e-02	1.967078636005771971e-10
1.706082389003125283e-02	2.136008509922788873e-10
1.721868574986008815e-02	2.326453998299968839e-10
1.737800828749377219e-02	2.541152076254675823e-10
1.753880501841762959e-02	2.782562784713666110e-10
1.770108958317422737e-02	3.052194962018180852e-10
1.786487574852052562e-02	3.349412331554211527e-10
1.803017740859570728e-02	3.669534350982945013e-10
1.819700858609985331e-02	4.001269803702197602e-10
1.836538343348348423e-02	4.324228859450992634e-10
1.853531623414813451e-02	4.608544539567225980e-10
1.870682140365802562e-02	4.819549411140451516e-10
1.887991349096295596e-02	4.928500207027519639e-10
1.905460717963249409e-02	4.924524565615814084e-10
1.923091728910159351e-02	4.819049474990400836e-10
1.940885877592779182e-02	4.639225862844052375e-10
1.958844673505991119e-02	4.416235392391542810e-10
1.976969640111862075e-02	4.176413131310878549e-10
1.995262314968880915e-02	3.937963430155429712e-10
2.013724249862389529e-02	3.711581088131100709e-10
2.032357010936223021e-02	3.502502844667037686e-10
2.051162178825566632e-02	3.312523367111295227e-10
2.070141348791043612e-02	3.141486637873216798e-10
2.089296130854041006e-02	2.988246885184230674e-10
2.108628149933290674e-02	2.851236951555988387e-10
2.128139045982713543e-02	2.728782698319958325e-10
2.147830474130535405e-02	2.619264935293516016e-10
2.167704104819696137e-02	2.521194270600381289e-10
2.187761623949554049e-02	2.433238296398663899e-10
2.208004733018901350e-02	2.354223921541370268e-10
2.228435149270305282e-02	2.283127667086898769e-10
2.249054605835782567e-02	2.219060926500310750e-10
2.269864851883823462e-02	2.161253886531611804e-10
2.290867652767774806e-02	2.109039957896992261e-10
2.312064790175596268e-02	2.061841553086227217e-10
2.333458062281004372e-02	2.019157508292806188e-10
2.355049283896011245e-02	1.980552168836408754e-10
2.376840286624878548e-02	1.945646025479815701e-10
2.398832919019492499e-02	1.914107734781257631e-10
2.421029046736180093e-02	1.885647344012787814e-10
2.443430552693973828e-02	1.860191404165961665e-10
2.466039337234341225e-02	1.839127172745640697e-10
2.488857318282393025e-02	1.820368333439789473e-10
2.511886431509582213e-02	1.803681353796458472e-10
2.535128630497909819e-02	1.788850600120418953e-10
2.558585886905647908e-02	1.775675199856485491e-10
2.582260190634598496e-02	1.763966289578126954e-10
2.606153549998897756e-02	1.753544580430379702e-10
2.630267991895384252e-02	1.744238183974147869e-10
2.654605561975541608e-02	1.735880650406761472e-10
2.679168324819034344e-02	1.728309178525520953e-10
2.703958364108846255e-02	1.721362962919756992e-10
2.728977782808043179e-02	1.714881648929415428e-10
2.754228703338168840e-02	1.707306186571860490e-10
2.779713267759291104e-02	1.696670216928481612e-10
2.805433637951715992e-02	1.686219844911029618e-10
2.831391995799381611e-02	1.675984161927507491e-10
2.857590543374949679e-02	1.665999769525713812e-10
2.884031503126608526e-02	1.656311276708882596e-10
2.910717118066608045e-02	1.646971865310469820e-10
2.937649651961533534e-02	1.638043926551051972e-10
2.964831389524345481e-02	1.629599772532372910e-10
2.992264636608191891e-02	1.621722427005894433e-10
3.019951720402019174e-02	1.614506500138454227e-10
3.047894989627986106e-02	1.608059152793190783e-10
3.076096814740711047e-02	1.604266467684127627e-10
3.104559588128358652e-02	1.601735426290449714e-10
3.133285724315588994e-02	1.600221614170882275e-10
3.162277660168382604e-02	1.599771675750091479e-10
3.191537855100765042e-02	1.600439939202343685e-10
3.221068791283437927e-02	1.602288837098545103e-10
3.250872973854346953e-02	1.605389377829367080e-10
3.280952931131193850e-02	1.609821668515399888e-10
3.311311214825914118e-02	1.615675490230196007e-10
3.341950400261146231e-02	1.623050926059729910e-10
3.372873086588692310e-02	1.633266385780130074e-10
3.404081897010012570e-02	1.646353295781616353e-10
3.435579478998750103e-02	1.661174874650452515e-10
3.467368504525319972e-02	1.677709153810105289e-10
3.499451670283576510e-02	1.695930065814668405e-10
3.531831697919573382e-02	1.715806456016026380e-10
3.564511334262446263e-02	1.737300985206846006e-10
3.597493351557427138e-02	1.760368906885001849e-10
3.630780547701017297e-02	1.784956700926913509e-10
3.664375746478334972e-02	1.810888573868774367e-10
3.698281797802664694e-02	1.836643236465264961e-10
3.732501577957208355e-02	1.863760071928891443e-10
3.767037989839091411e-02	1.892274676399957601e-10
3.801893963205614513e-02	1.922220925164196635e-10
3.837072454922790116e-02	1.953629841991682651e-10
3.872576449216174471e-02	1.986528176346559773e-10
3.908408957924022764e-02	2.020936615913780549e-10
3.944573020752786818e-02	2.056867543312512130e-10
3.981071705534975497e-02	2.095417245516518115e-10
4.017908108489402080e-02	2.137274201474151189e-10
4.055085354483841525e-02	2.180362412523426375e-10
4.092606597300111476e-02	2.224318227839883231e-10
4.130475019901616585e-02	2.268709724291228257e-10
4.168693834703356832e-02	2.313025884549479280e-10
4.207266283844444260e-02	2.356664172188970302e-10
4.246195639463132276e-02	2.398916294468591631e-10
4.285485203974398472e-02	2.437168240963355623e-10
4.325138310350090665e-02	2.468673043936324454e-10
4.365158322401663238e-02	2.496437226525134581e-10
4.405548635065536373e-02	2.519808257097764868e-10
4.446312674691090677e-02	2.537984688687614434e-10
4.487453899331324964e-02	2.549978121810357168e-10
4.528975799036211169e-02	2.554565198951354930e-10
4.570881896148754064e-02	2.550227333674048410e-10
4.613175745603798061e-02	2.535850123746743952e-10
4.655860935229590852e-02	2.508362085967671443e-10
4.698941086052155908e-02	2.464566749074454893e-10
4.742419852602448166e-02	2.400725384564472924e-10
4.786300923226385201e-02	2.312301108878864782e-10
4.830588020397728194e-02	2.193902558174012469e-10
4.875284901033865442e-02	2.039392107060476812e-10
4.920395356814510901e-02	1.844325133438845972e-10
4.965923214503362854e-02	1.601954719130983405e-10
5.011872336272724798e-02	1.315312952705699398e-10
5.058246620031142671e-02	1.020248481769865178e-10
5.105049999754064649e-02	8.641605800447770606e-11
5.152286445817567256e-02	1.106764416581073703e-10
5.199959965335162332e-02	1.731113828831880750e-10
5.248074602497728586e-02	2.589943775692990324e-10
5.296634438916580923e-02	3.613693402869211619e-10
5.345643593969719165e-02	4.763345522857384165e-10
5.395106225151279078e-02	6.004697068477027246e-10
5.445026528424214834e-02	7.305081456690634889e-10
5.495408738576248314e-02	8.635880538521712325e-10
5.546257129579110212e-02	9.957861509479265906e-10
5.597576014951104184e-02	1.128119942006595585e-09
5.649369748123028029e-02	1.261309396847095708e-09
5.701642722807478275e-02	1.397081496135257661e-09
5.754399373371572174e-02	1.537969242786941408e-09
5.807644175213123872e-02	1.688282675184594567e-09
5.861381645140290725e-02	1.856439484252318199e-09
5.915616341754742491e-02	2.041062342051290524e-09
5.970352865838372131e-02	2.245574387549079608e-09
6.025595860743580834e-02	2.473604233091292487e-09
6.081350012787182374e-02	2.728945153265610909e-09
6.137620051647945524e-02	3.010107443031579133e-09
6.194410750767818247e-02	3.321985552818056127e-09
6.251726927756862118e-02	3.672649156072369135e-09
6.309573444801935826e-02	4.066226115007618014e-09
6.367955209079162460e-02	4.504419589208099546e-09
6.426877173170200686e-02	4.985198470794911179e-09
6.486344335482388535e-02	5.497691015164291655e-09
6.546361740672754226e-02	6.009543319019700207e-09
6.606934480075964122e-02	6.473194746129399736e-09
6.668067692136225855e-02	6.828636577354504938e-09
6.729766562843181310e-02	7.015120258079155496e-09
6.792036326171850547e-02	6.996887913608453222e-09
6.854882264526619695e-02	6.818306636906050576e-09
6.918309709189369994e-02	6.533814292506895424e-09
6.982324040771718809e-02	6.202990485149985102e-09
7.046930689671473957e-02	5.887782650340714585e-09
7.112135136533295765e-02	5.620932737289523263e-09
7.177942912713622392e-02	5.397174197522266895e-09
7.244359600749905592e-02	5.221603111013349438e-09
7.311390834834180508e-02	5.095197440538706868e-09
7.379042301291015293e-02	5.024054277120057658e-09
7.447319739059896082e-02	4.999351277608705659e-09
7.516228940182061169e-02	5.015579325792752068e-09
7.585775750291844088e-02	5.069175355254713056e-09
7.655966069112568606e-02	5.151702420563833944e-09
7.726805850957028932e-02	5.257917065077086234e-09
7.798301105232594010e-02	5.397009748490439307e-09
7.870457896950992793e-02	5.570240865201180267e-09
7.943282347242822117e-02	5.779321871808696285e-09
8.016780633876798012e-02	6.027934434247402432e-09
8.090958991783829546e-02	6.310856447279910820e-09
8.165823713585930455e-02	6.623132880498572844e-09
8.241381150130029642e-02	6.954528059139893478e-09
8.317637711026716618e-02	7.277219373461210412e-09
8.394599865193981547e-02	7.576657100798051116e-09
8.472274141405972125e-02	7.818621426103195142e-09
8.550667128846840825e-02	7.959558758116874142e-09
8.629785477669710270e-02	7.937229438563951475e-09
8.709635899560813632e-02	7.769879837930769818e-09
8.790225168308851700e-02	7.478515969242430335e-09
8.871560120379616554e-02	7.124143940284250220e-09
8.953647655495947100e-02	6.778476968308820026e-09
9.036494737223023377e-02	6.423343436506237547e-09
9.120108393559106519e-02	6.077646004539431093e-09
9.204495717531721577e-02	5.763522402041064343e-09
9.289663867799372032e-02	5.473349965001540287e-09
9.375620069258810974e-02	5.188560596559622557e-09
9.462371613657934166e-02	4.896764340105436010e-09
9.549925860214364404e-02	4.520555405929966131e-09
9.638290236239710485e-02	4.160591276773881373e-09
9.727472237769656249e-02	3.835248322661032098e-09
9.817479430199849144e-02	3.577166102723422231e-09
9.908319448927681294e-02	3.385450768330548566e-09
1.000000000000000472e-01	3.246034796369159448e-09
1.009252886076684869e-01	3.166647980765095038e-09
1.018591388054117530e-01	3.160286427638450297e-09
1.028016298126473993e-01	3.191371061359216234e-09
1.037528415818013139e-01	3.248590479629398183e-09
1.047128548050900165e-01	3.302848332250804179e-09
1.056817509213659051e-01	3.373307216654180391e-09
1.066596121230258404e-01	3.461721983920104922e-09
1.076465213629835549e-01	3.545856792839927315e-09
1.086425623617066072e-01	3.661691857994790543e-09
1.096478196143185618e-01	3.838717778196232783e-09
1.106623783977667003e-01	4.148112683377600958e-09
1.116863247780561785e-01	4.569849020034299117e-09
1.127197456175511037e-01	5.068180638495732480e-09
1.137627285823431533e-01	5.539287354560023161e-09
1.148153621496883492e-01	5.863880480366737853e-09
1.158777356155126781e-01	5.890865646404212589e-09
1.169499391019871715e-01	5.577716554113961460e-09
1.180320635651730399e-01	5.054844783456279150e-09
1.191242008027375565e-01	4.495132179273957270e-09
1.202264434617413696e-01	4.005823862139464147e-09
1.213388850464977992e-01	3.603939095274637681e-09
1.224616199265049499e-01	3.283382617156291996e-09
1.235947433444511273e-01	3.030484200142184652e-09
1.247383514242943886e-01	2.835815679717928540e-09
1.258925411794168114e-01	2.686752455371910256e-09
1.270574105208542581e-01	2.577096132100472602e-09
1.282330582656022455e-01	2.503333553946776253e-09
1.294195841449987117e-01	2.469298877963002103e-09
1.306170888131842345e-01	2.453720772869217401e-09
1.318256738556408125e-01	2.443181086920190613e-09
1.330454417978092219e-01	2.434084272255898269e-09
1.342764961137864199e-01	2.431240947289697089e-09
1.355189412351036349e-01	2.438791219988433604e-09
1.367728825595849462e-01	2.448760633415921588e-09
1.380384264602885214e-01	2.453949884927689105e-09
1.393156802945303419e-01	2.455440323375524864e-09
1.406047524129914184e-01	2.460250490293001403e-09
1.419057521689092716e-01	2.473570655837856094e-09
1.432187899273544007e-01	2.488678709357101553e-09
1.445439770745927943e-01	2.496193961169470536e-09
1.458814260275348995e-01	2.507730391500656037e-09
1.472312502432719383e-01	2.537286320207632031e-09
1.485935642287007363e-01	2.587431815585559033e-09
1.499684835502373970e-01	2.655929706432376738e-09
1.513561248436208762e-01	2.741755770221520857e-09
1.527566058238073177e-01	2.831323359295244368e-09
1.541700452949560096e-01	2.912897005379064964e-09
1.555965631605074895e-01	2.984628098363358302e-09
1.570362804333552964e-01	3.024733176546475300e-09
1.584893192461114264e-01	3.070410568083484770e-09
1.599558028614669614e-01	3.160684962916505309e-09
1.614358556826487046e-01	3.292320323888959291e-09
1.629296032639723224e-01	3.468996167799922923e-09
1.644371723214932413e-01	3.690931488450529011e-09
1.659586907437561321e-01	3.961275790375726379e-09
1.674942876026438154e-01	4.274837181637194690e-09
1.690440931643265032e-01	4.610270331182150351e-09
1.706082389003124311e-01	4.997716428193859822e-09
1.721868574986007983e-01	5.504356460322906654e-09
1.737800828749376247e-01	6.097567572453182154e-09
1.753880501841762196e-01	6.719237660801277421e-09
1.770108958317422043e-01	7.388851258796345095e-09
1.786487574852051730e-01	8.105027796082696994e-09
1.803017740859569895e-01	8.948369516641876791e-09
1.819700858609984429e-01	1.001014653409789232e-08
1.836538343348347313e-01	1.118990148217028533e-08
1.853531623414812479e-01	1.243849365305538479e-08
1.870682140365801660e-01	1.378119518900166312e-08
1.887991349096294624e-01	1.525639156903492078e-08
1.905460717963248229e-01	1.695450212241092384e-08
1.923091728910159559e-01	1.898316106137466767e-08
1.940885877592779252e-01	2.148731203460071286e-08
1.958844673505990841e-01	2.485681241552700919e-08
1.976969640111861937e-01	2.969952638689113861e-08
1.995262314968880846e-01	3.712556134097348356e-08
2.013724249862389459e-01	4.897480987217839296e-08
2.032357010936222952e-01	6.927365742784931381e-08
2.051162178825566840e-01	1.084334523134115218e-07
2.070141348791043612e-01	1.623073322126672475e-07
2.089296130854040867e-01	1.138048873848365612e-07
2.108628149933290952e-01	6.645963396704476375e-08
2.128139045982713473e-01	4.383594319014337340e-08
2.147830474130534295e-01	3.150852606546897865e-08
2.167704104819695166e-01	2.390705841067264063e-08
2.187761623949552869e-01	1.881690436490918025e-08
2.208004733018900378e-01	1.552692682187010664e-08
2.228435149270304172e-01	1.341247595586261937e-08
2.249054605835781595e-01	1.196523648066211296e-08
2.269864851883822421e-01	1.074042133182931359e-08
2.290867652767773488e-01	9.629842801539052634e-09
2.312064790175595297e-01	8.672671927750785187e-09
2.333458062281003331e-01	8.040233932702072313e-09
2.355049283896010204e-01	7.615941701655717585e-09
2.376840286624877230e-01	7.232896667619853928e-09
2.398832919019490972e-01	6.826549158072631688e-09
2.421029046736178914e-01	6.284819223798705839e-09
2.443430552693972579e-01	5.675185731330617960e-09
2.466039337234340045e-01	5.235650230763554914e-09
2.488857318282391706e-01	4.775698758935152011e-09
2.511886431509580686e-01	4.343696260410840437e-09
2.535128630497908153e-01	3.978915017539879133e-09
2.558585886905646589e-01	3.642741940629621070e-09
2.582260190634597108e-01	3.294168452091917364e-09
2.606153549998896368e-01	3.034979439413881930e-09
2.630267991895383073e-01	2.877879370822697581e-09
2.654605561975540429e-01	2.743947294437824343e-09
2.679168324819032887e-01	2.599440310561610768e-09
2.703958364108844936e-01	2.498366100297528930e-09
2.728977782808041930e-01	2.363465722305384904e-09
2.754228703338167383e-01	2.165466151194051326e-09
2.779713267759290063e-01	1.987794872789085728e-09
2.805433637951714743e-01	1.952750911540757919e-09
2.831391995799380501e-01	1.947674295356243488e-09
2.857590543374948222e-01	1.880546558663352297e-09
2.884031503126607276e-01	1.755244859614485825e-09
2.910717118066606379e-01	1.617737109898229062e-09
2.937649651961531938e-01	1.490656470955919789e-09
2.964831389524343885e-01	1.375443141507313210e-09
2.992264636608190642e-01	1.296090604010249161e-09
3.019951720402017648e-01	1.242339781643929986e-09
3.047894989627984441e-01	1.201381244349075348e-09
3.076096814740709728e-01	1.150422788367699748e-09
3.104559588128357195e-01	1.089482742983917627e-09
3.133285724315587051e-01	1.022495306944182572e-09
3.162277660168381077e-01	9.927286926627395762e-10
3.191537855100763377e-01	9.798362459471502584e-10
3.221068791283436261e-01	9.651873920898226095e-10
3.250872973854345704e-01	9.481130370182304515e-10
3.280952931131191908e-01	9.148924199686396779e-10
3.311311214825912730e-01	8.805582014581563125e-10
3.341950400261144427e-01	8.595829963356613011e-10
3.372873086588690783e-01	8.367748316618763734e-10
3.404081897010010627e-01	8.078366935036126272e-10
3.435579478998746494e-01	7.693998681478388907e-10
3.467368504525316641e-01	7.295043272242753775e-10
3.499451670283573179e-01	7.249962767549511752e-10
3.531831697919570190e-01	7.262785711968372240e-10
3.564511334262442932e-01	7.005899552213414999e-10
3.597493351557423669e-01	6.734352782276026530e-10
3.630780547701014105e-01	6.474083703405067467e-10
3.664375746478333307e-01	6.194711267595822996e-10
3.698281797802662751e-01	6.095351903384709571e-10
3.732501577957206274e-01	5.992683827298652420e-10
3.767037989839089329e-01	5.970174875855631464e-10
3.801893963205612570e-01	6.066422633776840044e-10
3.837072454922788589e-01	6.135296050944174435e-10
3.872576449216172945e-01	6.215542773868966665e-10
3.908408957924021099e-01	6.094889715331399680e-10
3.944573020752784598e-01	5.897091847762312168e-10
3.981071705534973137e-01	5.676051733847217972e-10
4.017908108489400276e-01	5.610068448330816905e-10
4.055085354483839444e-01	5.765346813832067016e-10
4.092606597300109672e-01	5.797297482476943304e-10
4.130475019901614364e-01	5.888975903562209056e-10
4.168693834703355305e-01	6.113838306909294000e-10
4.207266283844441901e-01	6.429505421614570248e-10
4.246195639463130056e-01	6.904325500892329867e-10
4.285485203974396251e-01	7.456925893739604458e-10
4.325138310350088444e-01	8.447371453016045483e-10
4.365158322401661017e-01	9.894697949878709609e-10
4.405548635065534291e-01	1.226943083843384674e-09
4.446312674691088040e-01	1.716567974464067172e-09
4.487453899331322882e-01	3.348525237292877849e-09
4.528975799036208949e-01	1.466253050227257408e-08
4.570881896148751844e-01	2.578734990811149795e-09
4.613175745603795286e-01	1.237780722202849120e-09
4.655860935229590991e-01	7.757570836876860836e-10
4.698941086052155769e-01	5.349067109459406828e-10
4.742419852602448027e-01	3.882196390121339994e-10
4.786300923226385340e-01	2.933060691544582131e-10
4.830588020397728610e-01	2.336980703326175594e-10
4.875284901033865026e-01	1.944146337767099642e-10
4.920395356814510901e-01	1.639350019187662385e-10
4.965923214503362715e-01	1.402983945932060750e-10
5.011872336272724660e-01	1.190867243965248416e-10
5.058246620031142671e-01	1.026556115513086312e-10
5.105049999754064372e-01	9.062745859558553219e-11
5.152286445817566563e-01	8.173368732665552458e-11
5.199959965335162471e-01	7.449612121250301401e-11
5.248074602497728725e-01	6.590195343972035661e-11
5.296634438916580923e-01	5.853191272633272560e-11
5.345643593969718887e-01	5.170816260589587921e-11
5.395106225151278245e-01	4.607745267469306556e-11
5.445026528424214973e-01	4.125409115638892759e-11
5.495408738576248453e-01	3.795664781582932985e-11
5.546257129579107437e-01	3.465287457660682476e-11
5.597576014951101131e-01	3.160360174102862461e-11
5.649369748123025392e-01	2.857916108720994939e-11
5.701642722807475083e-01	2.682528817466952282e-11
5.754399373371569260e-01	2.512646527970959863e-11
5.807644175213120263e-01	2.317126976279955403e-11
5.861381645140287810e-01	2.172172475469412959e-11
5.915616341754740271e-01	1.990649103388965361e-11
5.970352865838368661e-01	1.784118630283299638e-11
6.025595860743577781e-01	1.505735895857728757e-11
6.081350012787178905e-01	4.737113978117749620e-12
6.137620051647942887e-01	2.462370243754460957e-11
6.194410750767814777e-01	1.786865286047865759e-11
6.251726927756858787e-01	1.659487798650670282e-11
6.309573444801933606e-01	1.505146538506645771e-11
6.367955209079159129e-01	1.344132289077541306e-11
6.426877173170196800e-01	1.309494439502830328e-11
6.486344335482384649e-01	1.308417600134968593e-11
6.546361740672750340e-01	1.299124712605722604e-11
6.606934480075961069e-01	1.276778108448320018e-11
6.668067692136222524e-01	1.250972015642997118e-11
6.729766562843179090e-01	1.228577047103540485e-11
6.792036326171846383e-01	1.216747209111425103e-11
6.854882264526617197e-01	1.211267284685098395e-11
6.918309709189366385e-01	1.189704929075767037e-11
6.982324040771714646e-01	1.191290275773061456e-11
7.046930689671470072e-01	1.235039443862980591e-11
7.112135136533291879e-01	1.383014428198268949e-11
7.177942912713618506e-01	1.585076174347224038e-11
7.244359600749902262e-01	2.330642177365498633e-11
7.311390834834176067e-01	2.631788779043743164e-11
7.379042301291011130e-01	5.297576020533277136e-11
7.447319739059892196e-01	6.465143428884692525e-11
7.516228940182057006e-01	1.504889457635501385e-11
7.585775750291839925e-01	5.060928598541037096e-12
7.655966069112565275e-01	1.802675367769790672e-12
7.726805850957025879e-01	6.263171270285638981e-12
7.798301105232589014e-01	1.877335229418804796e-11
7.870457896950988630e-01	3.319074206155563315e-11
7.943282347242817121e-01	1.159438024069474869e-11
8.016780633876793294e-01	6.917176529368477160e-12
8.090958991783825383e-01	4.786207843829346156e-12
8.165823713585926846e-01	3.568486673774147790e-12
8.241381150130024924e-01	2.879497263216607440e-12
8.317637711026713010e-01	2.419765698857455405e-12
8.394599865193976829e-01	2.082728254298957155e-12
8.472274141405967685e-01	1.767050695847972800e-12
8.550667128846836107e-01	1.540147480937840915e-12
8.629785477669705829e-01	1.398225771334947867e-12
8.709635899560810302e-01	1.291893827398863811e-12
8.790225168308847259e-01	1.352645101030679257e-12
8.871560120379607950e-01	2.302853006507671654e-13
8.953647655495937663e-01	6.550393806156366322e-13
9.036494737223014218e-01	6.561848893684070638e-13
9.120108393559096527e-01	6.042104848529825448e-13
9.204495717531712140e-01	5.600588892220339318e-13
9.289663867799362595e-01	5.307462435907255126e-13
9.375620069258802092e-01	5.131206419189178840e-13
9.462371613657929448e-01	5.002460280810816201e-13
9.549925860214358853e-01	4.730504481306562765e-13
9.638290236239704933e-01	4.711138842467916697e-13
9.727472237769650976e-01	4.702119987408842065e-13
9.817479430199843593e-01	4.847349454222511483e-13
9.908319448927676021e-01	5.176617032425453854e-13
1.000000000000000000e+00	5.612468712295344368e-13
1.009252886076684508e+00	6.452844850149063127e-13
1.018591388054116864e+00	7.708174317369320780e-13
1.028016298126473549e+00	1.016589742792246087e-12
1.037528415818012695e+00	1.937619941140875797e-12
1.047128548050899610e+00	6.962156301913005393e-13
1.056817509213658468e+00	5.111008887877575651e-13
1.066596121230257932e+00	1.744460700618731321e-12
1.076465213629834938e+00	1.317740518785518980e-12
1.086425623617065517e+00	6.284990102484466170e-13
1.096478196143185091e+00	3.890239235312962789e-13
1.106623783977666475e+00	2.874222521099705671e-13
1.116863247780561119e+00	2.231767827609895033e-13
1.127197456175510482e+00	1.651397504955018343e-13
1.137627285823431089e+00	1.304446755265742420e-13
1.148153621496882826e+00	1.084911648231730655e-13
1.158777356155126226e+00	9.384924456487824885e-14
1.169499391019871215e+00	8.195032980308039871e-14
1.180320635651729733e+00	7.265747780546201873e-14
1.191242008027375121e+00	6.583788647407457116e-14
1.202264434617413169e+00	5.902823139071187445e-14
1.213388850464977464e+00	5.411145450132442419e-14
1.224616199265048833e+00	5.061355772119455788e-14
1.235947433444510635e+00	4.872489563021521090e-14
1.247383514242943248e+00	4.803821774396700977e-14
1.258925411794167504e+00	4.806800567907872708e-14
1.270574105208541971e+00	4.931120010178452510e-14
1.282330582656021845e+00	5.347117693453742008e-14
1.294195841449986339e+00	6.264361089162855930e-14
1.306170888131841679e+00	8.521549189823277115e-14
1.318256738556407459e+00	1.407287177939362668e-13
1.330454417978091497e+00	1.129565264524138367e-13
1.342764961137864255e+00	5.102370200581887393e-14
1.355189412351036404e+00	2.777636608208686888e-14
1.367728825595849518e+00	1.770887685425157503e-14
1.380384264602885214e+00	1.201959479020514255e-14
1.393156802945303641e+00	8.545607853700657763e-15
1.406047524129914406e+00	6.257725149012870056e-15
1.419057521689092605e+00	4.776944291865754541e-15
1.432187899273543952e+00	3.759172011540105311e-15
1.445439770745927888e+00	2.957210674217350647e-15
1.458814260275348884e+00	2.345716192150208896e-15
1.472312502432719272e+00	1.911157703040515361e-15
1.485935642287007363e+00	1.534561817549461480e-15
1.499684835502373970e+00	1.470046864599654143e-15
1.513561248436208651e+00	1.036961810065385980e-15
1.527566058238073232e+00	8.476394021675655473e-16
1.541700452949559930e+00	6.986522997267458823e-16
1.555965631605074950e+00	5.702467707481686364e-16
1.570362804333553131e+00	4.665882340901613359e-16
1.584893192461114042e+00	3.806580982145538606e-16
1.599558028614669558e+00	3.091024394403513458e-16
1.614358556826486879e+00	2.518918234528167244e-16
1.629296032639723002e+00	2.117860599817014645e-16
1.644371723214932413e+00	1.795003237288378436e-16
1.659586907437561321e+00	1.518239290032566224e-16
1.674942876026438210e+00	1.309493753766913148e-16
1.690440931643264921e+00	1.096774592878249937e-16
1.706082389003124256e+00	9.037275021320324292e-17
1.721868574986007872e+00	7.562048794806111946e-17
1.737800828749376247e+00	6.428815437636851827e-17
1.753880501841762030e+00	5.524469872507567802e-17
1.770108958317422099e+00	4.802607676692801436e-17
1.786487574852051674e+00	4.165699939318389677e-17
1.803017740859568008e+00	3.630788159223837155e-17
1.819700858609982541e+00	3.117608316134041067e-17
1.836538343348345537e+00	2.735874335531737122e-17
1.853531623414810481e+00	2.356985832341519572e-17
1.870682140365799606e+00	2.072007750842532010e-17
1.887991349096292515e+00	1.850574301438420441e-17
1.905460717963246342e+00	1.615720757812122286e-17
1.923091728910157450e+00	1.425448964902923143e-17
1.940885877592777309e+00	1.273957812501371925e-17
1.958844673505989009e+00	1.122536311920731356e-17
1.976969640111859938e+00	1.002188773195750464e-17
1.995262314968878847e+00	9.422792291341061522e-18
2.013724249862387516e+00	1.503030328736760269e-17
2.032357010936221009e+00	3.049209620101374267e-17
2.051162178825564730e+00	4.569136180021254504e-17
2.070141348791041391e+00	5.386568172230349954e-17
2.089296130854038758e+00	5.086120261431910441e-17
2.108628149933288842e+00	3.446727342095126987e-17
2.128139045982711419e+00	3.895435629193250838e-18
2.147830474130532963e+00	2.727994248390542101e-18
2.167704104819693889e+00	1.966688937412348240e-18
2.187761623949551648e+00	1.443729344347637386e-18
2.208004733018899213e+00	1.160574423362327666e-18
2.228435149270302951e+00	1.108026972715170701e-18
2.249054605835780318e+00	1.269587766969252201e-18
2.269864851883821366e+00	1.471345163099984865e-18
2.290867652767772267e+00	1.291584277098352500e-18
2.312064790175594187e+00	1.134235603031401534e-18
2.333458062281001943e+00	9.964384731828715434e-19
2.355049283896009094e+00	8.757066902585895769e-19
2.376840286624875898e+00	7.698781140665798993e-19
2.398832919019489918e+00	6.770712561197791565e-19
2.421029046736177470e+00	5.956344755573761006e-19
2.443430552693971247e+00	5.241457740354935921e-19
2.466039337234338547e+00	4.613775373100766085e-19
2.488857318282390541e+00	4.062455483179572101e-19
2.511886431509579687e+00	3.578031386037800183e-19
2.535128630497907043e+00	3.152233448975171916e-19
2.558585886905645257e+00	2.777834409760284532e-19
2.582260190634595887e+00	2.448432217817576832e-19
2.606153549998894814e+00	2.158582239807622692e-19
2.630267991895381297e+00	1.903484684359205132e-19
2.654605561975539096e+00	1.678908456028668358e-19
2.679168324819031444e+00	1.481145855090033360e-19
2.703958364108843160e+00	1.306946695354966605e-19
2.728977782808040597e+00	1.153460637995435686e-19
2.754228703338166273e+00	1.018142365656287743e-19
2.779713267759288620e+00	8.988573867455195222e-20
2.805433637951713077e+00	7.936827476238296752e-20
2.831391995799378947e+00	7.009290112461285720e-20
2.857590543374946446e+00	6.191115108241105229e-20
2.884031503126605500e+00	5.469252006559545631e-20
2.910717118066604936e+00	4.832170721701385547e-20
2.937649651961530495e+00	4.269707218426334025e-20
2.964831389524342331e+00	3.773176390170371306e-20
2.992264636608188866e+00	3.334777981227413909e-20
3.019951720402016093e+00	2.947643045548526674e-20
3.047894989627982998e+00	2.605721652203826263e-20
3.076096814740707952e+00	2.303684296617281845e-20
3.104559588128355418e+00	2.036788601151627940e-20
3.133285724315585608e+00	1.800916125340597229e-20
3.162277660168379523e+00	1.592475695642365815e-20
3.191537855100761600e+00	1.408256114893125330e-20
3.221068791283434596e+00	1.245424437885981321e-20
3.250872973854343595e+00	1.101481125270921924e-20
3.280952931131190464e+00	9.742205593452613216e-21
3.311311214825911176e+00	8.616666908824216700e-21
3.341950400261142651e+00	7.621313561709765233e-21
3.372873086588688896e+00	6.741108780909025857e-21
3.404081897010009072e+00	5.962678990011858436e-21
3.435579478998746605e+00	5.274209368674249409e-21
3.467368504525316641e+00	4.665261534074686842e-21
3.499451670283573179e+00	4.126609953128370838e-21
3.531831697919570079e+00	3.649946956945699672e-21
3.564511334262442599e+00	3.228281453586533245e-21
3.597493351557423225e+00	2.855259423952344276e-21
3.630780547701013994e+00	2.525261687594844117e-21
3.664375746478333085e+00	2.233318841072875983e-21
3.698281797802662751e+00	1.975036065475148485e-21
3.732501577957206162e+00	1.746505734450197106e-21
3.767037989839089107e+00	1.544265687791622873e-21
3.801893963205612792e+00	1.365344287614450670e-21
3.837072454922788367e+00	1.207056457419640584e-21
3.872576449216172723e+00	1.067025839618461754e-21
3.908408957924021099e+00	9.431493618734336056e-22
3.944573020752784931e+00	8.335658679590433386e-22
3.981071705534973137e+00	7.366111220277427750e-22
4.017908108489399943e+00	6.508354469844571713e-22
4.055085354483838778e+00	5.749689861577782533e-22
4.092606597300109783e+00	5.078718335686228241e-22
4.130475019901614253e+00	4.485346854709353348e-22
4.168693834703354639e+00	3.960639412438589501e-22
4.207266283844441901e+00	3.496684982756167579e-22
4.246195639463129723e+00	3.086373155227441697e-22
4.285485203974396029e+00	2.723615251133287922e-22
4.325138310350087778e+00	2.402968580419493286e-22
4.365158322401661017e+00	2.119581595846045875e-22
4.405548635065533958e+00	1.869157939336891761e-22
4.446312674691088596e+00	1.647893345714420342e-22
4.487453899331322660e+00	1.452418084545464812e-22
4.528975799036208727e+00	1.279696328830019564e-22
4.570881896148751622e+00	1.127162227490237417e-22
4.613175745603791178e+00	9.924830681290019249e-23
4.655860935229585884e+00	8.735930807404198269e-23
4.698941086052150773e+00	7.686631788186025284e-23
4.742419852602443697e+00	6.760741015619345838e-23
4.786300923226380455e+00	5.943851939923020658e-23
4.830588020397723170e+00	5.223203371174302088e-23
4.875284901033859697e+00	4.587801610027065095e-23
4.920395356814506016e+00	4.027727354891176931e-23
4.965923214503357386e+00	3.534200359706690623e-23
5.011872336272720219e+00	3.099450257114208624e-23
5.058246620031137120e+00	2.716601867219693220e-23
5.105049999754059264e+00	2.379516681098038633e-23
5.152286445817561678e+00	2.082844663498796867e-23
5.199959965335156475e+00	1.821892377359145415e-23
5.248074602497722729e+00	1.592458422884427361e-23
5.296634438916575149e+00	1.390827007820823464e-23
5.345643593969713336e+00	1.213712713880216403e-23
5.395106225151272916e+00	1.058211457145922944e-23
5.445026528424208756e+00	9.217244943278900631e-24
5.495408738576242236e+00	8.020194123663484951e-24
5.546257129579104550e+00	6.971062665819776156e-24
5.597576014951099133e+00	6.052179114609266780e-24
5.649369748123022283e+00	5.247936016407602705e-24
5.701642722807472197e+00	4.544553899653031137e-24
5.754399373371566817e+00	3.929865782988836084e-24
5.807644175213117599e+00	3.393003740427046104e-24
5.861381645140284924e+00	2.924705371606425174e-24
5.915616341754736496e+00	2.516637065037031638e-24
5.970352865838366441e+00	2.161451884920428693e-24
6.025595860743575116e+00	1.852676425472781168e-24
6.081350012787176240e+00	1.584610534663591035e-24
6.137620051647939334e+00	1.352221112535097922e-24
6.194410750767811891e+00	1.151084297778791072e-24
6.251726927756855012e+00	9.773784162786409951e-25
6.309573444801929831e+00	8.277056888869984661e-25
6.367955209079155132e+00	6.990876228211145206e-25
6.426877173170193913e+00	5.889181050392477846e-25
6.486344335482381318e+00	4.949220135690601913e-25
6.546361740672747231e+00	4.151083783609604431e-25
6.606934480075957516e+00	3.477637336533086895e-25
6.668067692136218305e+00	2.914078774220539877e-25
6.729766562843175315e+00	2.447472009555539919e-25
6.792036326171842830e+00	2.066488541820493017e-25
6.854882264526612978e+00	1.760975347064607205e-25
6.918309709189363055e+00	1.521443231255893467e-25
6.982324040771711537e+00	1.338501328967517631e-25
7.046930689671467185e+00	1.202658953488900640e-25
7.112135136533288104e+00	1.104239190932024330e-25
7.177942912713614732e+00	1.033870237153293968e-25
7.244359600749898931e+00	9.831672905478681091e-26
7.311390834834172736e+00	9.452506474928747828e-26
7.379042301291007355e+00	9.149204246518508780e-26
7.447319739059888200e+00	8.884940342794450803e-26
7.516228940182053009e+00	8.636291663477527303e-26
7.585775750291835706e+00	8.388839158688713726e-26
7.655966069112561279e+00	8.134724930798481432e-26
7.726805850957020994e+00	7.870456194077433457e-26
7.798301105232585684e+00	7.595312985622372311e-26
7.870457896950984633e+00	7.310146020854791498e-26
7.943282347242813124e+00	7.016713236893606266e-26
8.016780633876789963e+00	6.717599221756767054e-26
8.090958991783821830e+00	6.415282455495950278e-26
8.165823713585922405e+00	6.112172719828917804e-26
8.241381150130020927e+00	5.810498534627356546e-26
8.317637711026709013e+00	5.512247393228057435e-26
8.394599865193972832e+00	5.219011340362553987e-26
8.472274141405963022e+00	4.932289828856900178e-26
8.550667128846832554e+00	4.653411712370421177e-26
8.629785477669701166e+00	4.383351833350226832e-26
8.709635899560804972e+00	4.122861517129010976e-26
8.790225168308841930e+00	3.872492372922944812e-26
8.871560120379607284e+00	3.632620327758331531e-26
8.953647655495936775e+00	3.403346006073781510e-26
9.036494737223014440e+00	3.184879574600160265e-26
9.120108393559096527e+00	2.977252847538915464e-26
9.204495717531711918e+00	2.780370938782345548e-26
9.289663867799362151e+00	2.594060586057291673e-26
9.375620069258802758e+00	2.418084814864149144e-26
9.462371613657929004e+00	2.252150422184630355e-26
9.549925860214358408e+00	2.095847198521116710e-26
9.638290236239704711e+00	1.948926895444672588e-26
9.727472237769651642e+00	1.811021193335559057e-26
9.817479430199844259e+00	1.681745845972913875e-26
9.908319448927676021e+00	1.560706918138389000e-26
1.000000000000000000e+01	1.447506050074906550e-26
1.009252886076684419e+01	1.341726402421441205e-26
1.018591388054116997e+01	1.242956006831312650e-26
1.028016298126473593e+01	1.150856646968054670e-26
1.037528415818012562e+01	1.065054609948728144e-26
1.047128548050899610e+01	9.851859246688092826e-27
1.056817509213658468e+01	9.108979346662022552e-27
1.066596121230257843e+01	8.418504952126968939e-27
1.076465213629835027e+01	7.776972761529908687e-27
1.086425623617065561e+01	7.181346094701233202e-27
1.096478196143185180e+01	6.628839853397664213e-27
1.106623783977666342e+01	6.116644411558385760e-27
1.116863247780561252e+01	5.642088712397473183e-27
1.127197456175510482e+01	5.202639774031199571e-27
1.137627285823431045e+01	4.795901050192190081e-27
1.148153621496882870e+01	4.419448336186966663e-27
1.158777356155126270e+01	4.071311073633370165e-27
1.169499391019871126e+01	3.749543526956999647e-27
1.180320635651728622e+01	3.452277883130389079e-27
1.191242008027373878e+01	3.177760026876820917e-27
1.202264434617411837e+01	2.924345090830599733e-27
1.213388850464976265e+01	2.690485137454052459e-27
1.224616199265047634e+01	2.474644540996324079e-27
1.235947433444509436e+01	2.275607223851156893e-27
1.247383514242942049e+01	2.092128605685475540e-27
1.258925411794166216e+01	1.923047130771833084e-27
1.270574105208540594e+01	1.767279895694143180e-27
1.282330582656020468e+01	1.623818354787364555e-27
1.294195841449984918e+01	1.491702941836492432e-27
1.306170888131840435e+01	1.370044336820430711e-27
1.318256738556406127e+01	1.258087272278627547e-27
1.330454417978090120e+01	1.155085425883531990e-27
1.342764961137862834e+01	1.060345810632572386e-27
1.355189412351035116e+01	9.732254701108330220e-28
1.367728825595848008e+01	8.931283172885106136e-28
1.380384264602883881e+01	8.194811297573086754e-28
1.393156802945302175e+01	7.517833797429904316e-28
1.406047524129912851e+01	6.895825926881994376e-28
1.419057521689091139e+01	6.324442747125302782e-28
1.432187899273542442e+01	5.799664175583321419e-28
1.445439770745926467e+01	5.317772980461692937e-28
1.458814260275347330e+01	4.875334004754086108e-28
1.472312502432717807e+01	4.469009269785026682e-28
1.485935642287005898e+01	4.096039559703516353e-28
1.499684835502372593e+01	3.753780594088729301e-28
1.513561248436207229e+01	3.439755355353501233e-28
1.527566058238071633e+01	3.151677991001424145e-28
1.541700452949558375e+01	2.887440117243011578e-28
1.555965631605073440e+01	2.645089267441220886e-28
1.570362804333551487e+01	2.422743622704484934e-28
1.584893192461112577e+01	2.218879564848991247e-28
1.599558028614667826e+01	2.031988105600394748e-28
1.614358556826485369e+01	1.860678859340895409e-28
1.629296032639721403e+01	1.703671277661548285e-28
1.644371723214930725e+01	1.559786472415787215e-28
1.659586907437559589e+01	1.427918679188222852e-28
1.674942876026436522e+01	1.307055299766543309e-28
1.690440931643263056e+01	1.196330641960124748e-28
1.706082389003122657e+01	1.094906320932042218e-28
1.721868574986006095e+01	1.002011079980844290e-28
1.737800828749374560e+01	9.169356829693561798e-29
1.753880501841760164e+01	8.390281675419140735e-29
1.770108958317420189e+01	7.676694320719038438e-29
1.786487574852049676e+01	7.023200698331032838e-29
1.803017740859568008e+01	6.424935593546704739e-29
1.819700858609982674e+01	5.877285422119939839e-29
1.836538343348345492e+01	5.376011382743784352e-29
1.853531623414810525e+01	4.917220314164262759e-29
1.870682140365799739e+01	4.497337685167646726e-29
1.887991349096292737e+01	4.112928612952671291e-29
1.905460717963246253e+01	3.761143193197010263e-29
1.923091728910157627e+01	3.439270685943096747e-29
1.940885877592777220e+01	3.144791524010807333e-29
1.958844673505988965e+01	2.875393189591516933e-29
1.976969640111860116e+01	2.628953841862438029e-29
1.995262314968878670e+01	2.403518190073286161e-29
2.013724249862387339e+01	2.197221475199681170e-29
2.032357010936220831e+01	2.008541131309099319e-29
2.051162178825564553e+01	1.835986330359790772e-29
2.070141348791041480e+01	1.678189521262255525e-29
2.089296130854038580e+01	1.533896589772217720e-29
2.108628149933288753e+01	1.401957768710208193e-29
2.128139045982711153e+01	1.281299906486784685e-29
2.147830474130532963e+01	1.170945543516045583e-29
2.167704104819694066e+01	1.070056103561321240e-29
2.187761623949552003e+01	9.778258829289493474e-30
2.208004733018899302e+01	8.935163330017829280e-30
2.228435149270303128e+01	8.164506400224910669e-30
2.249054605835780407e+01	7.460087247821763298e-30
2.269864851883821188e+01	6.816045656683648166e-30
2.290867652767772356e+01	6.227284889852864936e-30
2.312064790175594098e+01	5.689207436464873817e-30
2.333458062281001943e+01	5.197477389018399955e-30
2.355049283896008916e+01	4.748122574138885314e-30
2.376840286624875986e+01	4.337504895303665035e-30
2.398832919019490006e+01	3.962292980184455691e-30
2.421029046736177648e+01	3.619299855538821572e-30
2.443430552693971336e+01	3.305878916345022272e-30
2.466039337234338547e+01	3.019517686793332123e-30
2.488857318282390452e+01	2.757888055163831841e-30
2.511886431509579509e+01	2.518855026605884962e-30
2.535128630497906954e+01	2.300456438085620703e-30
2.558585886905645168e+01	2.100867372547653711e-30
2.582260190634595887e+01	1.918300984228053995e-30
2.606153549998894903e+01	1.751190917805781933e-30
2.630267991895381385e+01	1.598745421498354661e-30
2.654605561975538919e+01	1.460553806569819178e-30
2.679168324819031355e+01	1.334126174606490759e-30
2.703958364108843426e+01	1.218419597303703081e-30
2.728977782808040331e+01	1.112637426573293849e-30
2.754228703338166184e+01	1.015961600014705170e-30
2.779713267759288442e+01	9.276572960717489923e-31
2.805433637951713166e+01	8.470091421802725022e-31
2.831391995799378947e+01	7.733583783353627320e-31
2.857590543374946535e+01	7.061006177683808732e-31
2.884031503126605855e+01	6.446822665238991564e-31
2.910717118066605025e+01	5.885808269675624036e-31
2.937649651961530495e+01	5.373424699359150541e-31
2.964831389524342242e+01	4.905573322125587323e-31
2.992264636608188866e+01	4.478399704543013706e-31
3.019951720402016093e+01	4.088377528268143093e-31
3.047894989627980067e+01	3.732281444034967152e-31
3.076096814740704843e+01	3.407162059535961157e-31
3.104559588128352488e+01	3.110203743204238221e-31
3.133285724315582499e+01	2.839069696613920024e-31
3.162277660168376059e+01	2.591542723699433687e-31
3.191537855100758136e+01	2.365574178143512132e-31
3.221068791283431665e+01	2.159290535310110707e-31
3.250872973854340842e+01	1.970978773876401763e-31
3.280952931131187000e+01	1.799064629234750138e-31
3.311311214825907712e+01	1.642060473369878023e-31
3.341950400261139009e+01	1.498741988381588698e-31
3.372873086588685254e+01	1.367920700313627475e-31
3.404081897010005520e+01	1.248509799560383731e-31
3.435579478998742786e+01	1.139515642303714607e-31
3.467368504525313000e+01	1.040029943451403535e-31
3.499451670283569626e+01	9.492074346679554009e-32
3.531831697919566437e+01	8.662827181553009513e-32
3.564511334262439135e+01	7.905960537672701209e-32
3.597493351557420027e+01	7.215176969228861757e-32
3.630780547701009908e+01	6.584719065753579888e-32
3.664375746478329177e+01	6.009324163954445094e-32
3.698281797802658843e+01	5.484182760021577944e-32
3.732501577957202699e+01	5.004763218045272738e-32
3.767037989839085554e+01	4.567137425036178251e-32
3.801893963205608884e+01	4.167754005343389730e-32
3.837072454922784459e+01	3.803280164953805176e-32
3.872576449216168726e+01	3.470669537021866040e-32
3.908408957924017102e+01	3.167138095380328309e-32
3.944573020752780934e+01	2.890142043015371569e-32
3.981071705534969141e+01	2.637255297722563226e-32
4.017908108489395858e+01	2.406466388267345642e-32
4.055085354483834692e+01	2.195865510506207455e-32
4.092606597300105165e+01	2.003690704095401912e-32
4.130475019901610523e+01	1.828331729036964531e-32
4.168693834703351087e+01	1.668317276087450147e-32
4.207266283844437282e+01	1.522295521591804806e-32
4.246195639463125815e+01	1.388992480064131693e-32
4.285485203974391766e+01	1.267356999840939809e-32
4.325138310350083515e+01	1.156370758910971060e-32
4.365158322401656221e+01	1.055103101680563841e-32
4.405548635065530050e+01	9.627036492564883477e-33
4.446312674691083799e+01	8.783955177533309597e-33
4.487453899331318041e+01	8.014559284900255602e-33
4.528975799036204108e+01	7.312317787766617948e-33
4.570881896148747359e+01	6.671590081143013713e-33
4.613175745603791000e+01	6.087000892659663604e-33
4.655860935229586062e+01	5.553638438464691801e-33
4.698941086052150951e+01	5.067015277466952203e-33
4.742419852602443342e+01	4.623032394169416240e-33
4.786300923226380633e+01	4.217828819232823846e-33
4.830588020397723170e+01	3.848063299406451246e-33
4.875284901033860052e+01	3.510710384829900597e-33
4.920395356814506016e+01	3.202934693094201826e-33
4.965923214503357741e+01	2.922145677087694544e-33
5.011872336272719508e+01	2.665976910014388482e-33
5.058246620031137297e+01	2.432267082527462968e-33
5.105049999754059797e+01	2.218955586908374172e-33
5.152286445817561855e+01	2.024336164485754699e-33
5.199959965335156653e+01	1.846786857144814022e-33
5.248074602497722907e+01	1.684812951981973030e-33
5.296634438916575505e+01	1.537048973124751970e-33
5.345643593969713692e+01	1.402247729851743494e-33
5.395106225151273094e+01	1.279263229084025011e-33
5.445026528424208578e+01	1.167017849169227539e-33
5.495408738576242769e+01	1.064620517281331457e-33
5.546257129579104372e+01	9.712092115471647178e-34
5.597576014951098955e+01	8.859963919646820473e-34
5.649369748123022816e+01	8.082626926357344657e-34
5.701642722807471841e+01	7.373511361541892562e-34
5.754399373371566639e+01	6.726504769360198426e-34
5.807644175213118132e+01	6.136094423210576567e-34
5.861381645140284746e+01	5.597510186990225071e-34
5.915616341754736851e+01	5.106211843117798437e-34
5.970352865838366085e+01	4.658051902325725573e-34
6.025595860743574406e+01	4.249242299477972342e-34
6.081350012787176240e+01	3.876323850610755851e-34
6.137620051647939334e+01	3.536038223072659315e-34
6.194410750767811891e+01	3.225570339258673192e-34
6.251726927756855190e+01	2.942366958861935446e-34
6.309573444801930009e+01	2.684037770166584370e-34
6.367955209079155310e+01	2.448399435415499372e-34
6.426877173170194624e+01	2.233458017403140342e-34
6.486344335482381496e+01	2.037392865135301422e-34
6.546361740672746521e+01	1.858468164474629039e-34
6.606934480075958049e+01	1.695248690467833367e-34
6.668067692136219193e+01	1.546368106700800367e-34
6.729766562843174427e+01	1.410568431781747794e-34
6.792036326171843541e+01	1.286700714906668954e-34
6.854882264526612801e+01	1.173715767964454752e-34
6.918309709189362877e+01	1.070649300465339402e-34
6.982324040771710827e+01	9.765963164462967201e-35
7.046930689671467007e+01	8.908069997848452558e-35
7.112135136533288460e+01	8.125567658355351204e-35
7.177942912713615442e+01	7.411837714625562302e-35
7.244359600749898220e+01	6.760835869997455864e-35
7.311390834834172381e+01	6.167043108138924292e-35
7.379042301291008243e+01	5.625323470031182548e-35
7.447319739059888377e+01	5.131053190840768812e-35
7.516228940182053009e+01	4.680223967527905671e-35
7.585775750291836061e+01	4.269024416748453187e-35
7.655966069112561456e+01	3.893973458988762178e-35
7.726805850957020994e+01	3.551892241231361766e-35
7.798301105232577868e+01	3.239878394608687028e-35
7.870457896950976817e+01	2.955197526590998023e-35
7.943282347242805486e+01	2.695491145122733718e-35
8.016780633876781792e+01	2.458616415876198868e-35
8.090958991783813303e+01	2.242569020184287011e-35
8.165823713585913879e+01	2.045518475843547337e-35
8.241381150130013111e+01	1.865793346524013992e-35
8.317637711026699776e+01	1.701867682470110194e-35
8.394599865193964661e+01	1.552286369663532579e-35
8.472274141405954140e+01	1.415848149003725517e-35
8.550667128846822607e+01	1.291407534385856345e-35
8.629785477669693705e+01	1.177910734543650664e-35
8.709635899560795735e+01	1.074395422719821757e-35
8.790225168308833759e+01	9.799829477715233490e-36
8.871560120379598402e+01	8.938654824999401232e-36
8.953647655495927893e+01	8.152862354024121067e-36
9.036494737223004847e+01	7.436170058531815920e-36
9.120108393559087290e+01	6.782512746114308998e-36
9.204495717531702326e+01	6.186351083578335631e-36
9.289663867799353625e+01	5.642626867901407801e-36
9.375620069258792455e+01	5.146722020577896923e-36
9.462371613657920477e+01	4.694337599407925339e-36
9.549925860214349882e+01	4.281610057253393713e-36
9.638290236239694764e+01	3.905184014149980903e-36
9.727472237769640628e+01	3.561871600088011779e-36
9.817479430199833246e+01	3.248761525543037981e-36
9.908319448927665007e+01	2.963195537309269548e-36
9.999999999999990052e+01	2.702746835888419849e-36
